    1.000000      0.8795989E-03
   0.9986632      0.1345371E-02
   0.9969290      0.1925566E-02
   0.9949200      0.2564148E-02
   0.9925290      0.3277905E-02
   0.9895913      0.4087206E-02
   0.9858870      0.5011890E-02
   0.9811993      0.6071077E-02
   0.9753687      0.7284410E-02
   0.9683055      0.8633143E-02
   0.9601834      0.1004410E-01
   0.9513502      0.1144670E-01
   0.9420728      0.1280316E-01
   0.9325163      0.1411098E-01
   0.9227867      0.1537544E-01
   0.9129289      0.1660813E-01
   0.9029736      0.1782478E-01
   0.8929619      0.1903429E-01
   0.8829211      0.2023849E-01
   0.8728660      0.2143959E-01
   0.8628139      0.2263509E-01
   0.8527680      0.2382232E-01
   0.8427288      0.2499950E-01
   0.8326966      0.2616495E-01
   0.8226712      0.2731705E-01
   0.8126533      0.2845414E-01
   0.8026421      0.2957402E-01
   0.7926333      0.3067582E-01
   0.7826250      0.3175946E-01
   0.7726168      0.3282475E-01
   0.7626092      0.3387135E-01
   0.7526042      0.3489886E-01
   0.7426086      0.3590549E-01
   0.7326257      0.3688705E-01
   0.7226518      0.3784141E-01
   0.7126872      0.3876638E-01
   0.7027311      0.3965983E-01
   0.6927829      0.4051965E-01
   0.6828412      0.4134369E-01
   0.6729005      0.4213046E-01
   0.6629539      0.4288101E-01
   0.6530003      0.4359650E-01
   0.6430389      0.4427800E-01
   0.6330696      0.4492658E-01
   0.6230908      0.4554329E-01
   0.6131004      0.4613028E-01
   0.6031003      0.4668940E-01
   0.5930922      0.4722180E-01
   0.5830764      0.4772861E-01
   0.5730538      0.4821100E-01
   0.5630253      0.4867011E-01
   0.5529948      0.4910667E-01
   0.5429660      0.4951992E-01
   0.5329392      0.4990914E-01
   0.5229147      0.5027366E-01
   0.5128929      0.5061284E-01
   0.5028740      0.5092602E-01
   0.4928591      0.5121248E-01
   0.4828489      0.5147086E-01
   0.4728417      0.5170037E-01
   0.4628372      0.5190044E-01
   0.4528353      0.5207050E-01
   0.4428360      0.5220997E-01
   0.4328395      0.5231825E-01
   0.4228458      0.5239478E-01
   0.4128549      0.5243897E-01
   0.4028670      0.5245025E-01
   0.3928819      0.5242805E-01
   0.3828997      0.5237179E-01
   0.3729196      0.5228089E-01
   0.3629394      0.5215504E-01
   0.3529576      0.5199484E-01
   0.3429750      0.5180067E-01
   0.3329916      0.5157278E-01
   0.3230075      0.5131146E-01
   0.3130228      0.5101699E-01
   0.3030371      0.5068972E-01
   0.2930520      0.5033045E-01
   0.2830717      0.4993889E-01
   0.2730971      0.4951408E-01
   0.2631290      0.4905517E-01
   0.2531680      0.4856122E-01
   0.2432157      0.4803149E-01
   0.2332754      0.4746444E-01
   0.2233479      0.4685795E-01
   0.2134329      0.4621011E-01
   0.2035309      0.4551911E-01
   0.1936422      0.4478317E-01
   0.1837671      0.4400040E-01
   0.1739058      0.4316947E-01
   0.1640633      0.4228903E-01
   0.1542449      0.4135616E-01
   0.1444523      0.4036721E-01
   0.1346876      0.3931876E-01
   0.1249538      0.3820748E-01
   0.1152579      0.3703092E-01
   0.1056190      0.3578520E-01
   0.9605166E-01  0.3446217E-01
   0.8656774E-01  0.3305389E-01
   0.7719601E-01  0.3155529E-01
   0.6799517E-01  0.2995937E-01
   0.5901653E-01  0.2825421E-01
   0.5036294E-01  0.2644381E-01
   0.4220010E-01  0.2454284E-01
   0.3473016E-01  0.2258378E-01
   0.2814275E-01  0.2062378E-01
   0.2254849E-01  0.1870504E-01
   0.1795900E-01  0.1687754E-01
   0.1422375E-01  0.1518429E-01
   0.1112914E-01  0.1361246E-01
   0.8545241E-02  0.1209174E-01
   0.6433385E-02  0.1058719E-01
   0.4735073E-02  0.9117553E-02
   0.3370830E-02  0.7704749E-02
   0.2292624E-02  0.6377170E-02
   0.1457079E-02  0.5137126E-02
   0.8268825E-03  0.3971511E-02
   0.3773682E-03  0.2865911E-02
   0.9499220E-04  0.1807342E-02
  -0.2413519E-04  0.7841621E-03
   0.2578624E-04 -0.2147771E-03
   0.2514922E-03 -0.1202099E-02
   0.6493157E-03 -0.2191851E-02
   0.1223720E-02 -0.3197191E-02
   0.1990279E-02 -0.4231571E-02
   0.2978072E-02 -0.5309830E-02
   0.4233840E-02 -0.6447892E-02
   0.5821446E-02 -0.7655435E-02
   0.7805794E-02 -0.8913588E-02
   0.1029170E-01 -0.1019479E-01
   0.1335594E-01 -0.1147835E-01
   0.1703459E-01 -0.1282907E-01
   0.2151749E-01 -0.1434956E-01
   0.2708695E-01 -0.1604142E-01
   0.3384068E-01 -0.1784664E-01
   0.4161536E-01 -0.1973358E-01
   0.5013861E-01 -0.2163733E-01
   0.5914421E-01 -0.2350812E-01
   0.6843054E-01 -0.2532209E-01
   0.7787896E-01 -0.2706760E-01
   0.8743799E-01 -0.2874658E-01
   0.9706484E-01 -0.3036183E-01
   0.1067364     -0.3191400E-01
   0.1164440     -0.3340563E-01
   0.1261804     -0.3483978E-01
   0.1359362     -0.3621769E-01
   0.1457073     -0.3753968E-01
   0.1554921     -0.3880661E-01
   0.1652895     -0.4001933E-01
   0.1750987     -0.4117883E-01
   0.1849172     -0.4228582E-01
   0.1947422     -0.4334022E-01
   0.2045730     -0.4434176E-01
   0.2144092     -0.4529045E-01
   0.2242506     -0.4618626E-01
   0.2340967     -0.4702921E-01
   0.2439475     -0.4781928E-01
   0.2538028     -0.4855648E-01
   0.2636629     -0.4924095E-01
   0.2735278     -0.4987296E-01
   0.2833973     -0.5045274E-01
   0.2932712     -0.5098055E-01
   0.3031492     -0.5145665E-01
   0.3130311     -0.5188129E-01
   0.3229165     -0.5225474E-01
   0.3328053     -0.5257726E-01
   0.3426972     -0.5284914E-01
   0.3525919     -0.5307065E-01
   0.3624892     -0.5324207E-01
   0.3723890     -0.5336370E-01
   0.3822909     -0.5343589E-01
   0.3921942     -0.5345890E-01
   0.4020985     -0.5343292E-01
   0.4120034     -0.5335813E-01
   0.4219082     -0.5323466E-01
   0.4318121     -0.5306268E-01
   0.4417130     -0.5284199E-01
   0.4516109     -0.5257189E-01
   0.4615068     -0.5225226E-01
   0.4714005     -0.5188306E-01
   0.4812917     -0.5146426E-01
   0.4911800     -0.5099584E-01
   0.5010638     -0.5047777E-01
   0.5109421     -0.4990925E-01
   0.5208165     -0.4928991E-01
   0.5306869     -0.4861969E-01
   0.5405534     -0.4789852E-01
   0.5504160     -0.4712633E-01
   0.5602749     -0.4630301E-01
   0.5701316     -0.4542856E-01
   0.5799877     -0.4450358E-01
   0.5898433     -0.4352887E-01
   0.5996985     -0.4250527E-01
   0.6095536     -0.4143359E-01
   0.6194089     -0.4031464E-01
   0.6292661     -0.3914910E-01
   0.6391285     -0.3793830E-01
   0.6489975     -0.3668439E-01
   0.6588740     -0.3538964E-01
   0.6687584     -0.3405634E-01
   0.6786516     -0.3268677E-01
   0.6885559     -0.3128302E-01
   0.6984758     -0.2984803E-01
   0.7084124     -0.2838577E-01
   0.7183667     -0.2690014E-01
   0.7283392     -0.2539514E-01
   0.7383302     -0.2387486E-01
   0.7483399     -0.2234345E-01
   0.7583653     -0.2080616E-01
   0.7683944     -0.1926821E-01
   0.7784179     -0.1773322E-01
   0.7884328     -0.1620385E-01
   0.7984378     -0.1468246E-01
   0.8084321     -0.1317136E-01
   0.8184127     -0.1167311E-01
   0.8283731     -0.1019233E-01
   0.8383101     -0.8734405E-02
   0.8482177     -0.7304754E-02
   0.8580818     -0.5912848E-02
   0.8678940     -0.4570498E-02
   0.8776462     -0.3289235E-02
   0.8873223     -0.2085018E-02
   0.8969149     -0.9759327E-03
   0.9064263      0.2182326E-04
   0.9158541      0.8951010E-03
   0.9251769      0.1626390E-02
   0.9343804      0.2197323E-02
   0.9434348      0.2595745E-02
   0.9522352      0.2807343E-02
   0.9606299      0.2819737E-02
   0.9683881      0.2644048E-02
   0.9751967      0.2320246E-02
   0.9808964      0.1912472E-02
   0.9855594      0.1469507E-02
   0.9893008      0.1018232E-02
   0.9922989      0.5804905E-03
   0.9947539      0.1678578E-03
   0.9968244     -0.2184204E-03
   0.9986162     -0.5812162E-03
    1.000000     -0.8795989E-03
