    1.000000      0.5660855E-03
   0.9984783      0.8653496E-03
   0.9965574      0.1230387E-02
   0.9944168      0.1620488E-02
   0.9919998      0.2039918E-02
   0.9892317      0.2493012E-02
   0.9860202      0.2985459E-02
   0.9822559      0.3529021E-02
   0.9778071      0.4143718E-02
   0.9725096      0.4851026E-02
   0.9662021      0.5660675E-02
   0.9587980      0.6572436E-02
   0.9503536      0.7571499E-02
   0.9410606      0.8628079E-02
   0.9311730      0.9713008E-02
   0.9209195      0.1080098E-01
   0.9104510      0.1187676E-01
   0.8998552      0.1293390E-01
   0.8891788      0.1397121E-01
   0.8784454      0.1499031E-01
   0.8676670      0.1599419E-01
   0.8568480      0.1698742E-01
   0.8459974      0.1797616E-01
   0.8351338      0.1896647E-01
   0.8242647      0.1996263E-01
   0.8133925      0.2096457E-01
   0.8025173      0.2197226E-01
   0.7916391      0.2298343E-01
   0.7807686      0.2399301E-01
   0.7699167      0.2499577E-01
   0.7590879      0.2598721E-01
   0.7482843      0.2696300E-01
   0.7375046      0.2791791E-01
   0.7267369      0.2884908E-01
   0.7159737      0.2975722E-01
   0.7052118      0.3064235E-01
   0.6944484      0.3150453E-01
   0.6836800      0.3234376E-01
   0.6729014      0.3316177E-01
   0.6621124      0.3396047E-01
   0.6513135      0.3474109E-01
   0.6405054      0.3550485E-01
   0.6296893      0.3625292E-01
   0.6188684      0.3698631E-01
   0.6080466      0.3770463E-01
   0.5972247      0.3840721E-01
   0.5864029      0.3909390E-01
   0.5755812      0.3976449E-01
   0.5647598      0.4041883E-01
   0.5539386      0.4105671E-01
   0.5431177      0.4167798E-01
   0.5322971      0.4228245E-01
   0.5214767      0.4286996E-01
   0.5106564      0.4344032E-01
   0.4998360      0.4399339E-01
   0.4890146      0.4452915E-01
   0.4781930      0.4504808E-01
   0.4673732      0.4554973E-01
   0.4565561      0.4603352E-01
   0.4457422      0.4649891E-01
   0.4349322      0.4694533E-01
   0.4241276      0.4737221E-01
   0.4133303      0.4777847E-01
   0.4025417      0.4816267E-01
   0.3917622      0.4852338E-01
   0.3809923      0.4885922E-01
   0.3702324      0.4916877E-01
   0.3594834      0.4945061E-01
   0.3487460      0.4970305E-01
   0.3380209      0.4992432E-01
   0.3273082      0.5011269E-01
   0.3166085      0.5026644E-01
   0.3059222      0.5038386E-01
   0.2952509      0.5046310E-01
   0.2845952      0.5050194E-01
   0.2739556      0.5049831E-01
   0.2633327      0.5045018E-01
   0.2527276      0.5035555E-01
   0.2421423      0.5021243E-01
   0.2315807      0.5001904E-01
   0.2210504      0.4977211E-01
   0.2105553      0.4946715E-01
   0.2000984      0.4909982E-01
   0.1896828      0.4866592E-01
   0.1793135      0.4816160E-01
   0.1690000      0.4758260E-01
   0.1587524      0.4692223E-01
   0.1485774      0.4617384E-01
   0.1384857      0.4533128E-01
   0.1284897      0.4438672E-01
   0.1186007      0.4333271E-01
   0.1088377      0.4216388E-01
   0.9922997E-01  0.4087402E-01
   0.8980991E-01  0.3945726E-01
   0.8062546E-01  0.3791432E-01
   0.7174941E-01  0.3625011E-01
   0.6326991E-01  0.3447735E-01
   0.5529598E-01  0.3262006E-01
   0.4793721E-01  0.3071122E-01
   0.4127702E-01  0.2878931E-01
   0.3536032E-01  0.2689373E-01
   0.3017953E-01  0.2505448E-01
   0.2567536E-01  0.2328642E-01
   0.2177484E-01  0.2158941E-01
   0.1840590E-01  0.1996484E-01
   0.1549273E-01  0.1841376E-01
   0.1295691E-01  0.1692968E-01
   0.1072798E-01  0.1550203E-01
   0.8757722E-02  0.1411225E-01
   0.7029094E-02  0.1273533E-01
   0.5530881E-02  0.1136266E-01
   0.4247545E-02  0.9995586E-02
   0.3158970E-02  0.8639384E-02
   0.2250814E-02  0.7309054E-02
   0.1512622E-02  0.6019551E-02
   0.9305552E-03  0.4772910E-02
   0.4928799E-03  0.3565104E-02
   0.1920353E-03  0.2389656E-02
   0.2531897E-04  0.1238949E-02
  -0.4442625E-05  0.1044185E-03
   0.1091828E-03 -0.1024053E-02
   0.3633843E-03 -0.2158154E-02
   0.7567573E-03 -0.3308675E-02
   0.1293861E-02 -0.4485570E-02
   0.1984797E-02 -0.5698178E-02
   0.2844761E-02 -0.6954386E-02
   0.3891788E-02 -0.8257348E-02
   0.5139077E-02 -0.9597435E-02
   0.6602791E-02 -0.1096101E-01
   0.8306872E-02 -0.1234359E-01
   0.1026804E-01 -0.1374714E-01
   0.1249844E-01 -0.1519133E-01
   0.1502929E-01 -0.1671896E-01
   0.1793691E-01 -0.1835932E-01
   0.2132331E-01 -0.2013653E-01
   0.2529219E-01 -0.2206583E-01
   0.2993164E-01 -0.2415768E-01
   0.3531845E-01 -0.2642651E-01
   0.4151350E-01 -0.2886840E-01
   0.4850513E-01 -0.3144919E-01
   0.5620678E-01 -0.3411442E-01
   0.6448914E-01 -0.3680507E-01
   0.7321378E-01 -0.3946715E-01
   0.8227156E-01 -0.4206701E-01
   0.9157248E-01 -0.4458412E-01
   0.1010545     -0.4700591E-01
   0.1106806     -0.4932870E-01
   0.1204242     -0.5155384E-01
   0.1302627     -0.5368284E-01
   0.1401811     -0.5571781E-01
   0.1501670     -0.5766205E-01
   0.1602060     -0.5951721E-01
   0.1702884     -0.6128425E-01
   0.1804044     -0.6296421E-01
   0.1905439     -0.6455650E-01
   0.2007013     -0.6606026E-01
   0.2108710     -0.6747510E-01
   0.2210466     -0.6879946E-01
   0.2312250     -0.7003113E-01
   0.2414059     -0.7116851E-01
   0.2515904     -0.7221121E-01
   0.2617751     -0.7315827E-01
   0.2719602     -0.7400767E-01
   0.2821490     -0.7475807E-01
   0.2923479     -0.7541030E-01
   0.3025573     -0.7596650E-01
   0.3127725     -0.7642631E-01
   0.3229963     -0.7678900E-01
   0.3332331     -0.7705457E-01
   0.3434916     -0.7722672E-01
   0.3537643     -0.7730888E-01
   0.3640498     -0.7729920E-01
   0.3743605     -0.7720106E-01
   0.3846890     -0.7702023E-01
   0.3950265     -0.7675627E-01
   0.4053806     -0.7640842E-01
   0.4157587     -0.7598095E-01
   0.4261579     -0.7547845E-01
   0.4365740     -0.7490420E-01
   0.4470031     -0.7425950E-01
   0.4574472     -0.7354623E-01
   0.4679058     -0.7276698E-01
   0.4783790     -0.7192428E-01
   0.4888658     -0.7102076E-01
   0.4993639     -0.7005913E-01
   0.5098714     -0.6904097E-01
   0.5203885     -0.6796800E-01
   0.5309153     -0.6684211E-01
   0.5414519     -0.6566521E-01
   0.5519985     -0.6443920E-01
   0.5625558     -0.6316599E-01
   0.5731244     -0.6184775E-01
   0.5837042     -0.6048668E-01
   0.5942954     -0.5908497E-01
   0.6048981     -0.5764483E-01
   0.6155120     -0.5616847E-01
   0.6261368     -0.5465838E-01
   0.6367698     -0.5311721E-01
   0.6474078     -0.5154663E-01
   0.6580495     -0.4994769E-01
   0.6686939     -0.4832151E-01
   0.6793401     -0.4666916E-01
   0.6899855     -0.4499162E-01
   0.7006313     -0.4328787E-01
   0.7112821     -0.4155844E-01
   0.7219394     -0.3980455E-01
   0.7326055     -0.3802739E-01
   0.7432826     -0.3622804E-01
   0.7539761     -0.3440760E-01
   0.7646907     -0.3256918E-01
   0.7754264     -0.3071719E-01
   0.7861791     -0.2885659E-01
   0.7969370     -0.2699380E-01
   0.8076822     -0.2513630E-01
   0.8184065     -0.2328985E-01
   0.8291058     -0.2145940E-01
   0.8397781     -0.1964953E-01
   0.8504212     -0.1786470E-01
   0.8610310     -0.1610963E-01
   0.8715999     -0.1438939E-01
   0.8821093     -0.1271172E-01
   0.8925356     -0.1108993E-01
   0.9028577     -0.9538672E-02
   0.9130430     -0.8073249E-02
   0.9230389     -0.6712915E-02
   0.9327684     -0.5478865E-02
   0.9421105     -0.4391723E-02
   0.9508951     -0.3469377E-02
   0.9589268     -0.2720997E-02
   0.9660558     -0.2140069E-02
   0.9722182     -0.1705863E-02
   0.9774608     -0.1389647E-02
   0.9819172     -0.1161900E-02
   0.9857283     -0.9961493E-03
   0.9890016     -0.8725567E-03
   0.9918308     -0.7780523E-03
   0.9943017     -0.7043999E-03
   0.9964883     -0.6461230E-03
   0.9984485     -0.5993864E-03
    1.000000     -0.5660855E-03
