    1.000000      0.7780133E-03
   0.9986283      0.1164169E-02
   0.9968529      0.1645699E-02
   0.9948023      0.2176357E-02
   0.9923712      0.2770376E-02
   0.9893995      0.3445334E-02
   0.9856744      0.4219782E-02
   0.9809790      0.5114796E-02
   0.9751338      0.6155900E-02
   0.9680183      0.7337660E-02
   0.9597900      0.8602316E-02
   0.9508132      0.9884997E-02
   0.9413879      0.1114464E-01
   0.9317033      0.1237091E-01
   0.9218686      0.1356355E-01
   0.9119298      0.1472938E-01
   0.9019146      0.1587888E-01
   0.8918496      0.1701912E-01
   0.8817508      0.1815435E-01
   0.8716322      0.1928892E-01
   0.8615054      0.2042609E-01
   0.8513723      0.2156525E-01
   0.8412389      0.2270443E-01
   0.8311106      0.2384177E-01
   0.8209890      0.2497578E-01
   0.8108788      0.2610466E-01
   0.8007856      0.2722436E-01
   0.7907076      0.2833104E-01
   0.7806426      0.2942226E-01
   0.7705905      0.3049536E-01
   0.7605501      0.3154775E-01
   0.7505211      0.3257684E-01
   0.7405011      0.3358014E-01
   0.7304857      0.3455632E-01
   0.7204725      0.3550490E-01
   0.7104608      0.3642522E-01
   0.7004500      0.3731666E-01
   0.6904393      0.3817852E-01
   0.6804252      0.3901061E-01
   0.6704052      0.3981401E-01
   0.6603794      0.4058953E-01
   0.6503477      0.4133786E-01
   0.6403104      0.4205970E-01
   0.6302677      0.4275572E-01
   0.6202200      0.4342660E-01
   0.6101689      0.4407285E-01
   0.6001159      0.4469442E-01
   0.5900615      0.4529123E-01
   0.5800059      0.4586320E-01
   0.5699491      0.4641025E-01
   0.5598914      0.4693234E-01
   0.5498327      0.4742938E-01
   0.5397731      0.4790133E-01
   0.5297127      0.4834811E-01
   0.5196515      0.4876967E-01
   0.5095896      0.4916594E-01
   0.4995271      0.4953686E-01
   0.4894637      0.4988251E-01
   0.4794013      0.5020296E-01
   0.4693420      0.5049737E-01
   0.4592860      0.5076492E-01
   0.4492336      0.5100480E-01
   0.4391850      0.5121620E-01
   0.4291402      0.5139832E-01
   0.4190994      0.5155033E-01
   0.4090626      0.5167145E-01
   0.3990298      0.5176087E-01
   0.3890013      0.5181778E-01
   0.3789769      0.5184140E-01
   0.3689567      0.5183090E-01
   0.3589402      0.5178545E-01
   0.3489261      0.5170455E-01
   0.3389139      0.5158797E-01
   0.3289036      0.5143547E-01
   0.3188951      0.5124679E-01
   0.3088883      0.5102171E-01
   0.2988822      0.5076024E-01
   0.2888791      0.5046283E-01
   0.2788818      0.5012861E-01
   0.2688910      0.4975663E-01
   0.2589076      0.4934594E-01
   0.2489319      0.4889557E-01
   0.2389665      0.4840460E-01
   0.2290137      0.4787126E-01
   0.2190740      0.4729354E-01
   0.2091479      0.4666956E-01
   0.1992358      0.4599748E-01
   0.1893384      0.4527549E-01
   0.1794572      0.4450187E-01
   0.1695954      0.4367462E-01
   0.1597556      0.4279102E-01
   0.1499395      0.4184842E-01
   0.1401526      0.4084449E-01
   0.1304033      0.3977548E-01
   0.1206970      0.3863642E-01
   0.1110429      0.3742311E-01
   0.1014574      0.3612983E-01
   0.9195501E-01  0.3474820E-01
   0.8255223E-01  0.3327137E-01
   0.7329237E-01  0.3169565E-01
   0.6423588E-01  0.3001184E-01
   0.5544853E-01  0.2821609E-01
   0.4706542E-01  0.2632146E-01
   0.3926647E-01  0.2435320E-01
   0.3225001E-01  0.2235916E-01
   0.2615589E-01  0.2039675E-01
   0.2103881E-01  0.1850026E-01
   0.1684832E-01  0.1671634E-01
   0.1341051E-01  0.1506595E-01
   0.1053704E-01  0.1352495E-01
   0.8128528E-02  0.1202489E-01
   0.6148808E-02  0.1054227E-01
   0.4542106E-02  0.9092552E-02
   0.3240618E-02  0.7694651E-02
   0.2205718E-02  0.6375594E-02
   0.1400117E-02  0.5138070E-02
   0.7911817E-03  0.3970731E-02
   0.3570686E-03  0.2860515E-02
   0.8585830E-04  0.1795317E-02
  -0.2544565E-04  0.7640366E-03
   0.2932656E-04 -0.2441453E-03
   0.2564765E-03 -0.1241661E-02
   0.6523254E-03 -0.2242285E-02
   0.1221102E-02 -0.3258897E-02
   0.1977454E-02 -0.4304602E-02
   0.2948425E-02 -0.5393662E-02
   0.4176653E-02 -0.6540994E-02
   0.5718472E-02 -0.7754979E-02
   0.7628305E-02 -0.9017649E-02
   0.9996025E-02 -0.1030587E-01
   0.1289342E-01 -0.1160411E-01
   0.1635660E-01 -0.1296633E-01
   0.2054505E-01 -0.1449721E-01
   0.2572897E-01 -0.1621969E-01
   0.3206593E-01 -0.1809362E-01
   0.3947124E-01 -0.2008932E-01
   0.4771982E-01 -0.2214887E-01
   0.5653814E-01 -0.2420396E-01
   0.6569887E-01 -0.2621584E-01
   0.7505411E-01 -0.2816209E-01
   0.8453525E-01 -0.3003699E-01
   0.9409701E-01 -0.3184178E-01
   0.1037105     -0.3357563E-01
   0.1133648     -0.3524010E-01
   0.1230538     -0.3683815E-01
   0.1327688     -0.3837180E-01
   0.1425036     -0.3984149E-01
   0.1522564     -0.4124818E-01
   0.1620256     -0.4259294E-01
   0.1718101     -0.4387694E-01
   0.1816079     -0.4510125E-01
   0.1914149     -0.4626611E-01
   0.2012292     -0.4737109E-01
   0.2110504     -0.4841611E-01
   0.2208778     -0.4940109E-01
   0.2307112     -0.5032598E-01
   0.2405505     -0.5119078E-01
   0.2503960     -0.5199572E-01
   0.2602466     -0.5274112E-01
   0.2701003     -0.5342645E-01
   0.2799587     -0.5405132E-01
   0.2898244     -0.5461651E-01
   0.2996975     -0.5512302E-01
   0.3095757     -0.5557169E-01
   0.3194564     -0.5596204E-01
   0.3293419     -0.5629427E-01
   0.3392321     -0.5656900E-01
   0.3491273     -0.5678682E-01
   0.3590274     -0.5694837E-01
   0.3689327     -0.5705420E-01
   0.3788445     -0.5710540E-01
   0.3887620     -0.5710318E-01
   0.3986842     -0.5704840E-01
   0.4086106     -0.5694184E-01
   0.4185408     -0.5678433E-01
   0.4284741     -0.5657671E-01
   0.4384089     -0.5631976E-01
   0.4483433     -0.5601370E-01
   0.4582768     -0.5565857E-01
   0.4682089     -0.5525450E-01
   0.4781393     -0.5480161E-01
   0.4880672     -0.5430004E-01
   0.4979909     -0.5375003E-01
   0.5079070     -0.5315078E-01
   0.5178173     -0.5250127E-01
   0.5277221     -0.5180122E-01
   0.5376216     -0.5105028E-01
   0.5475159     -0.5024816E-01
   0.5574059     -0.4939444E-01
   0.5672945     -0.4848883E-01
   0.5771859     -0.4753210E-01
   0.5870813     -0.4652590E-01
   0.5969814     -0.4547187E-01
   0.6068864     -0.4437172E-01
   0.6167971     -0.4322704E-01
   0.6267158     -0.4203957E-01
   0.6366440     -0.4081195E-01
   0.6465804     -0.3954697E-01
   0.6565246     -0.3824676E-01
   0.6664767     -0.3691355E-01
   0.6764368     -0.3554952E-01
   0.6864047     -0.3415690E-01
   0.6963803     -0.3273759E-01
   0.7063661     -0.3129348E-01
   0.7163630     -0.2982717E-01
   0.7263717     -0.2834126E-01
   0.7363928     -0.2683841E-01
   0.7464272     -0.2532120E-01
   0.7564769     -0.2379260E-01
   0.7665402     -0.2225654E-01
   0.7766110     -0.2071736E-01
   0.7866763     -0.1918037E-01
   0.7967294     -0.1764995E-01
   0.8067683     -0.1612977E-01
   0.8167928     -0.1462286E-01
   0.8268013     -0.1313247E-01
   0.8367915     -0.1166257E-01
   0.8467600     -0.1021704E-01
   0.8566959     -0.8802624E-02
   0.8665912     -0.7428646E-02
   0.8764416     -0.6103881E-02
   0.8862346     -0.4839334E-02
   0.8959581     -0.3649788E-02
   0.9056087     -0.2549301E-02
   0.9151752     -0.1551432E-02
   0.9246335     -0.6746719E-03
   0.9339650      0.6156161E-04
   0.9431332      0.6420369E-03
   0.9520372      0.1050466E-02
   0.9605108      0.1274050E-02
   0.9683036      0.1318978E-02
   0.9751029      0.1214548E-02
   0.9807760      0.1013797E-02
   0.9854214      0.7611524E-03
   0.9891659      0.4836789E-03
   0.9921835      0.2027672E-03
   0.9946661     -0.6902440E-04
   0.9967670     -0.3278490E-03
   0.9985898     -0.5739027E-03
    1.000000     -0.7780133E-03
