    1.000000      0.1116694E-02
   0.9986910      0.1671426E-02
   0.9969968      0.2362149E-02
   0.9950419      0.3121597E-02
   0.9927295      0.3968915E-02
   0.9899144      0.4927510E-02
   0.9864050      0.6020508E-02
   0.9820072      0.7269279E-02
   0.9765697      0.8692583E-02
   0.9699803      0.1027831E-01
   0.9623302      0.1195305E-01
   0.9539036      0.1362932E-01
   0.9449598      0.1524969E-01
   0.9356689      0.1679799E-01
   0.9261464      0.1827582E-01
   0.9164478      0.1969432E-01
   0.9066035      0.2107248E-01
   0.8966539      0.2242536E-01
   0.8866285      0.2376228E-01
   0.8765441      0.2509302E-01
   0.8664271      0.2642573E-01
   0.8562968      0.2776095E-01
   0.8461677      0.2909429E-01
   0.8360468      0.3042278E-01
   0.8259366      0.3174374E-01
   0.8158410      0.3305490E-01
   0.8057694      0.3435062E-01
   0.7957206      0.3562474E-01
   0.7856884      0.3687394E-01
   0.7756715      0.3809518E-01
   0.7656687      0.3928525E-01
   0.7556786      0.4044104E-01
   0.7456985      0.4155968E-01
   0.7357238      0.4263974E-01
   0.7257535      0.4367996E-01
   0.7157872      0.4467896E-01
   0.7058246      0.4563534E-01
   0.6958653      0.4654772E-01
   0.6859088      0.4741470E-01
   0.6759524      0.4823518E-01
   0.6659925      0.4900929E-01
   0.6560281      0.4973746E-01
   0.6460589      0.5041997E-01
   0.6360846      0.5105716E-01
   0.6261044      0.5164925E-01
   0.6161149      0.5219723E-01
   0.6061145      0.5270297E-01
   0.5961036      0.5316811E-01
   0.5860825      0.5359416E-01
   0.5760513      0.5398268E-01
   0.5660105      0.5433520E-01
   0.5559607      0.5465335E-01
   0.5459046      0.5493842E-01
   0.5358447      0.5519091E-01
   0.5257816      0.5541112E-01
   0.5157158      0.5559943E-01
   0.5056477      0.5575621E-01
   0.4955784      0.5588183E-01
   0.4855098      0.5597606E-01
   0.4754412      0.5603863E-01
   0.4653724      0.5606958E-01
   0.4553035      0.5606894E-01
   0.4452344      0.5603675E-01
   0.4351653      0.5597303E-01
   0.4250963      0.5587783E-01
   0.4150274      0.5575118E-01
   0.4049588      0.5559311E-01
   0.3948905      0.5540365E-01
   0.3848226      0.5518285E-01
   0.3747550      0.5493073E-01
   0.3646874      0.5464740E-01
   0.3546200      0.5433318E-01
   0.3445539      0.5398811E-01
   0.3344893      0.5361207E-01
   0.3244265      0.5320495E-01
   0.3143656      0.5276665E-01
   0.3043066      0.5229708E-01
   0.2942498      0.5179612E-01
   0.2841952      0.5126368E-01
   0.2741430      0.5069967E-01
   0.2640934      0.5010398E-01
   0.2540467      0.4947654E-01
   0.2440041      0.4881734E-01
   0.2339682      0.4812619E-01
   0.2239424      0.4740202E-01
   0.2139278      0.4664319E-01
   0.2039253      0.4584809E-01
   0.1939353      0.4501514E-01
   0.1839592      0.4414278E-01
   0.1739995      0.4322963E-01
   0.1640620      0.4227341E-01
   0.1541496      0.4127059E-01
   0.1442638      0.4021752E-01
   0.1344066      0.3911068E-01
   0.1245806      0.3794669E-01
   0.1147930      0.3672300E-01
   0.1050614      0.3543581E-01
   0.9540099E-01  0.3407759E-01
   0.8582572E-01  0.3264124E-01
   0.7637064E-01  0.3112294E-01
   0.6710211E-01  0.2951564E-01
   0.5808057E-01  0.2780924E-01
   0.4942875E-01  0.2601073E-01
   0.4132866E-01  0.2413756E-01
   0.3398215E-01  0.2222469E-01
   0.2756365E-01  0.2032942E-01
   0.2215385E-01  0.1848648E-01
   0.1771324E-01  0.1673355E-01
   0.1407856E-01  0.1510627E-01
   0.1105582E-01  0.1359585E-01
   0.8529348E-02  0.1213542E-01
   0.6456814E-02  0.1068470E-01
   0.4779629E-02  0.9254058E-02
   0.3423735E-02  0.7861690E-02
   0.2343847E-02  0.6537717E-02
   0.1501777E-02  0.5291649E-02
   0.8628330E-03  0.4114798E-02
   0.4033716E-03  0.2995191E-02
   0.1100790E-03  0.1921263E-02
  -0.2119176E-04  0.8822876E-03
   0.1468315E-04 -0.1321792E-03
   0.2253114E-03 -0.1133984E-02
   0.6070053E-03 -0.2136713E-02
   0.1162884E-02 -0.3152965E-02
   0.1906493E-02 -0.4195203E-02
   0.2863530E-02 -0.5276572E-02
   0.4074873E-02 -0.6410229E-02
   0.5595536E-02 -0.7602495E-02
   0.7477805E-02 -0.8832142E-02
   0.9805930E-02 -0.1006904E-01
   0.1265419E-01 -0.1128923E-01
   0.1605515E-01 -0.1252859E-01
   0.2014154E-01 -0.1388178E-01
   0.2516457E-01 -0.1536028E-01
   0.3130329E-01 -0.1691373E-01
   0.3852047E-01 -0.1850949E-01
   0.4663373E-01 -0.2011156E-01
   0.5539322E-01 -0.2166963E-01
   0.6456948E-01 -0.2316186E-01
   0.7399207E-01 -0.2457711E-01
   0.8357510E-01 -0.2591475E-01
   0.9326404E-01 -0.2718271E-01
   0.1030155     -0.2838279E-01
   0.1128144     -0.2951787E-01
   0.1226528     -0.3059250E-01
   0.1325227     -0.3161066E-01
   0.1424189     -0.3257519E-01
   0.1523394     -0.3348917E-01
   0.1622828     -0.3435580E-01
   0.1722478     -0.3517833E-01
   0.1822310     -0.3595996E-01
   0.1922247     -0.3670246E-01
   0.2022232     -0.3740551E-01
   0.2122255     -0.3806901E-01
   0.2222304     -0.3869290E-01
   0.2322374     -0.3927714E-01
   0.2422452     -0.3982168E-01
   0.2522512     -0.4032584E-01
   0.2622564     -0.4078824E-01
   0.2722641     -0.4120919E-01
   0.2822745     -0.4158897E-01
   0.2922877     -0.4192788E-01
   0.3023037     -0.4222619E-01
   0.3123223     -0.4248418E-01
   0.3223435     -0.4270212E-01
   0.3323670     -0.4288029E-01
   0.3423926     -0.4301898E-01
   0.3524200     -0.4311849E-01
   0.3624487     -0.4317908E-01
   0.3724772     -0.4320107E-01
   0.3825023     -0.4318407E-01
   0.3925229     -0.4312709E-01
   0.4025389     -0.4302932E-01
   0.4125499     -0.4288998E-01
   0.4225556     -0.4270827E-01
   0.4325553     -0.4248345E-01
   0.4425476     -0.4221429E-01
   0.4525348     -0.4189937E-01
   0.4625195     -0.4153850E-01
   0.4725018     -0.4113169E-01
   0.4824818     -0.4067888E-01
   0.4924595     -0.4018005E-01
   0.5024349     -0.3963516E-01
   0.5124082     -0.3904427E-01
   0.5223795     -0.3840752E-01
   0.5323485     -0.3772511E-01
   0.5423148     -0.3699719E-01
   0.5522783     -0.3622392E-01
   0.5622378     -0.3540551E-01
   0.5721924     -0.3454167E-01
   0.5821428     -0.3363218E-01
   0.5920892     -0.3267707E-01
   0.6020316     -0.3167645E-01
   0.6119703     -0.3063033E-01
   0.6219056     -0.2953879E-01
   0.6318401     -0.2840144E-01
   0.6417798     -0.2721893E-01
   0.6517282     -0.2599352E-01
   0.6616863     -0.2472784E-01
   0.6716552     -0.2342446E-01
   0.6816363     -0.2208602E-01
   0.6916336     -0.2071492E-01
   0.7016519     -0.1931516E-01
   0.7116923     -0.1789154E-01
   0.7217556     -0.1644891E-01
   0.7318409     -0.1499242E-01
   0.7419454     -0.1352756E-01
   0.7520552     -0.1206140E-01
   0.7621530     -0.1060001E-01
   0.7722315     -0.9148786E-02
   0.7822882     -0.7712945E-02
   0.7923221     -0.6297362E-02
   0.8023326     -0.4906814E-02
   0.8123157     -0.3546506E-02
   0.8222629     -0.2224089E-02
   0.8321713     -0.9485800E-03
   0.8420399      0.2726229E-03
   0.8518568      0.1430133E-02
   0.8616089      0.2510074E-02
   0.8712933      0.3498041E-02
   0.8809131      0.4382080E-02
   0.8904602      0.5150545E-02
   0.8999254      0.5787837E-02
   0.9093113      0.6280378E-02
   0.9186106      0.6617135E-02
   0.9278049      0.6785193E-02
   0.9368658      0.6773303E-02
   0.9457317      0.6570758E-02
   0.9543029      0.6170304E-02
   0.9624215      0.5582557E-02
   0.9698418      0.4848179E-02
   0.9762941      0.4036704E-02
   0.9816796      0.3224057E-02
   0.9860850      0.2448132E-02
   0.9896374      0.1718850E-02
   0.9925105      0.1043029E-02
   0.9948835      0.4217874E-03
   0.9968968     -0.1508252E-03
   0.9986460     -0.6827359E-03
    1.000000     -0.1116694E-02
