    1.000000      0.1629385E-02
   0.9986814      0.2142128E-02
   0.9969643      0.2787011E-02
   0.9949636      0.3506205E-02
   0.9925626      0.4324316E-02
   0.9895774      0.5274223E-02
   0.9857618      0.6391370E-02
   0.9808911      0.7704882E-02
   0.9748309      0.9233412E-02
   0.9675517      0.1094100E-01
   0.9593175      0.1272534E-01
   0.9504981      0.1449568E-01
   0.9413310      0.1620631E-01
   0.9319519      0.1784785E-01
   0.9224359      0.1942117E-01
   0.9128121      0.2093565E-01
   0.9031020      0.2240358E-01
   0.8933294      0.2383311E-01
   0.8835078      0.2523034E-01
   0.8736422      0.2660262E-01
   0.8637486      0.2795612E-01
   0.8538476      0.2928949E-01
   0.8439436      0.3060144E-01
   0.8340393      0.3189102E-01
   0.8241359      0.3315745E-01
   0.8142380      0.3439981E-01
   0.8043537      0.3561385E-01
   0.7944807      0.3679554E-01
   0.7846143      0.3794322E-01
   0.7747542      0.3905510E-01
   0.7648993      0.4012939E-01
   0.7550492      0.4116426E-01
   0.7452012      0.4215821E-01
   0.7353522      0.4311091E-01
   0.7255021      0.4402202E-01
   0.7156507      0.4489106E-01
   0.7057980      0.4571757E-01
   0.6959437      0.4650110E-01
   0.6860870      0.4724122E-01
   0.6762253      0.4793816E-01
   0.6663571      0.4859276E-01
   0.6564823      0.4920584E-01
   0.6466009      0.4977821E-01
   0.6367128      0.5031069E-01
   0.6268178      0.5080400E-01
   0.6169138      0.5125952E-01
   0.6070018      0.5167881E-01
   0.5970831      0.5206287E-01
   0.5871583      0.5241258E-01
   0.5772276      0.5272886E-01
   0.5672911      0.5301262E-01
   0.5573490      0.5326476E-01
   0.5474015      0.5348622E-01
   0.5374486      0.5367790E-01
   0.5274904      0.5384074E-01
   0.5175271      0.5397565E-01
   0.5075588      0.5408355E-01
   0.4975854      0.5416537E-01
   0.4876070      0.5422235E-01
   0.4776273      0.5425521E-01
   0.4676475      0.5426374E-01
   0.4576682      0.5424785E-01
   0.4476896      0.5420738E-01
   0.4377117      0.5414221E-01
   0.4277347      0.5405220E-01
   0.4177587      0.5393722E-01
   0.4077837      0.5379714E-01
   0.3978097      0.5363184E-01
   0.3878372      0.5344117E-01
   0.3778664      0.5322506E-01
   0.3678990      0.5298328E-01
   0.3579371      0.5271489E-01
   0.3479793      0.5241882E-01
   0.3380251      0.5209461E-01
   0.3280747      0.5174173E-01
   0.3181280      0.5135968E-01
   0.3081852      0.5094795E-01
   0.2982463      0.5050602E-01
   0.2883114      0.5003339E-01
   0.2783808      0.4952954E-01
   0.2684546      0.4899398E-01
   0.2585331      0.4842620E-01
   0.2486168      0.4782572E-01
   0.2387076      0.4719206E-01
   0.2288078      0.4652409E-01
   0.2189185      0.4582022E-01
   0.2090402      0.4507890E-01
   0.1991731      0.4429856E-01
   0.1893180      0.4347767E-01
   0.1794750      0.4261473E-01
   0.1696479      0.4170886E-01
   0.1598439      0.4075766E-01
   0.1500663      0.3975712E-01
   0.1403164      0.3870321E-01
   0.1305964      0.3759206E-01
   0.1209089      0.3641993E-01
   0.1112636      0.3518376E-01
   0.1016742      0.3387767E-01
   0.9214927E-01  0.3249395E-01
   0.8270137E-01  0.3102643E-01
   0.7336747E-01  0.2947117E-01
   0.6419695E-01  0.2781780E-01
   0.5524598E-01  0.2606042E-01
   0.4664470E-01  0.2420785E-01
   0.3858413E-01  0.2227949E-01
   0.3128404E-01  0.2032216E-01
   0.2498279E-01  0.1840565E-01
   0.1976898E-01  0.1656051E-01
   0.1552866E-01  0.1485037E-01
   0.1205097E-01  0.1330450E-01
   0.9181630E-02  0.1185110E-01
   0.6872835E-02  0.1041249E-01
   0.5047029E-02  0.8994398E-02
   0.3599217E-02  0.7617500E-02
   0.2462626E-02  0.6314913E-02
   0.1583829E-02  0.5094068E-02
   0.9194044E-03  0.3943749E-02
   0.4412374E-03  0.2850478E-02
   0.1337829E-03  0.1801843E-02
  -0.8067174E-05  0.7865827E-03
   0.2073242E-04 -0.2062088E-03
   0.2266183E-03 -0.1189142E-02
   0.6057730E-03 -0.2176669E-02
   0.1162806E-02 -0.3182615E-02
   0.1913949E-02 -0.4221505E-02
   0.2889845E-02 -0.5310001E-02
   0.4140644E-02 -0.6467240E-02
   0.5737029E-02 -0.7708217E-02
   0.7751407E-02 -0.9017631E-02
   0.1029087E-01 -0.1035990E-01
   0.1341249E-01 -0.1169240E-01
   0.1713040E-01 -0.1305723E-01
   0.2165091E-01 -0.1454189E-01
   0.2726868E-01 -0.1614334E-01
   0.3402753E-01 -0.1778573E-01
   0.4173727E-01 -0.1942654E-01
   0.5017377E-01 -0.2102025E-01
   0.5908910E-01 -0.2253462E-01
   0.6829794E-01 -0.2396073E-01
   0.7768468E-01 -0.2529623E-01
   0.8719984E-01 -0.2654928E-01
   0.9679541E-01 -0.2772766E-01
   0.1064437     -0.2883430E-01
   0.1161357     -0.2987369E-01
   0.1258639     -0.3085109E-01
   0.1356183     -0.3176998E-01
   0.1453941     -0.3263251E-01
   0.1551899     -0.3344127E-01
   0.1650042     -0.3419888E-01
   0.1748361     -0.3490808E-01
   0.1846829     -0.3557140E-01
   0.1945398     -0.3619029E-01
   0.2044050     -0.3676546E-01
   0.2142782     -0.3729789E-01
   0.2241588     -0.3778855E-01
   0.2340466     -0.3823841E-01
   0.2439414     -0.3864849E-01
   0.2538428     -0.3901993E-01
   0.2637486     -0.3935358E-01
   0.2736571     -0.3964959E-01
   0.2835681     -0.3990818E-01
   0.2934812     -0.4012957E-01
   0.3033964     -0.4031399E-01
   0.3133133     -0.4046167E-01
   0.3232321     -0.4057286E-01
   0.3331523     -0.4064778E-01
   0.3430740     -0.4068668E-01
   0.3529969     -0.4068980E-01
   0.3629206     -0.4065740E-01
   0.3728440     -0.4058971E-01
   0.3827652     -0.4048641E-01
   0.3926844     -0.4034701E-01
   0.4026017     -0.4017125E-01
   0.4125169     -0.3995890E-01
   0.4224300     -0.3970970E-01
   0.4323409     -0.3942343E-01
   0.4422493     -0.3909983E-01
   0.4521552     -0.3873868E-01
   0.4620584     -0.3833973E-01
   0.4719588     -0.3790277E-01
   0.4818561     -0.3742755E-01
   0.4917501     -0.3691386E-01
   0.5016401     -0.3636145E-01
   0.5115264     -0.3576968E-01
   0.5214106     -0.3513847E-01
   0.5312926     -0.3446797E-01
   0.5411725     -0.3375830E-01
   0.5510503     -0.3300961E-01
   0.5609257     -0.3222205E-01
   0.5707987     -0.3139577E-01
   0.5806692     -0.3053091E-01
   0.5905370     -0.2962764E-01
   0.6004022     -0.2868608E-01
   0.6102649     -0.2770637E-01
   0.6201259     -0.2668855E-01
   0.6299882     -0.2563264E-01
   0.6398564     -0.2453987E-01
   0.6497320     -0.2341241E-01
   0.6596158     -0.2225252E-01
   0.6695085     -0.2106246E-01
   0.6794108     -0.1984452E-01
   0.6893257     -0.1860075E-01
   0.6992582     -0.1733433E-01
   0.7092097     -0.1604964E-01
   0.7191802     -0.1475121E-01
   0.7291678     -0.1344386E-01
   0.7391628     -0.1213352E-01
   0.7491489     -0.1082701E-01
   0.7591197     -0.9529430E-02
   0.7690727     -0.8245224E-02
   0.7790075     -0.6978661E-02
   0.7889243     -0.5733876E-02
   0.7988230     -0.4514967E-02
   0.8087037     -0.3326073E-02
   0.8185632     -0.2170862E-02
   0.8283901     -0.1056587E-02
   0.8381787      0.7433078E-05
   0.8479286      0.1012376E-02
   0.8576391      0.1949790E-02
   0.8673089      0.2811360E-02
   0.8769308      0.3588774E-02
   0.8864884      0.4269321E-02
   0.8959757      0.4838416E-02
   0.9053915      0.5282438E-02
   0.9147342      0.5588790E-02
   0.9239989      0.5745592E-02
   0.9331737      0.5742634E-02
   0.9422199      0.5570444E-02
   0.9510670      0.5219209E-02
   0.9595932      0.4688567E-02
   0.9675734      0.4004282E-02
   0.9746650      0.3223965E-02
   0.9806248      0.2430649E-02
   0.9854715      0.1678188E-02
   0.9893165      0.9796093E-03
   0.9923554      0.3427891E-03
   0.9948147     -0.2332391E-03
   0.9968711     -0.7571825E-03
   0.9986399     -0.1239037E-02
    1.000000     -0.1629385E-02
