    1.000000      0.9571177E-03
   0.9986785      0.1471344E-02
   0.9969646      0.2111351E-02
   0.9949802      0.2814862E-02
   0.9926213      0.3599766E-02
   0.9897290      0.4487552E-02
   0.9860922      0.5498678E-02
   0.9815021      0.6651857E-02
   0.9758059      0.7964650E-02
   0.9689127      0.9416441E-02
   0.9609685      0.1093022E-01
   0.9522946      0.1242990E-01
   0.9431495      0.1387318E-01
   0.9336948      0.1525635E-01
   0.9240394      0.1658593E-01
   0.9142315      0.1787555E-01
   0.9043020      0.1914441E-01
   0.8942964      0.2040489E-01
   0.8842483      0.2166104E-01
   0.8741768      0.2291711E-01
   0.8641082      0.2417026E-01
   0.8540495      0.2541602E-01
   0.8440016      0.2665150E-01
   0.8339651      0.2787410E-01
   0.8239396      0.2908127E-01
   0.8139252      0.3027057E-01
   0.8039203      0.3143887E-01
   0.7939173      0.3258539E-01
   0.7839124      0.3371067E-01
   0.7739052      0.3481504E-01
   0.7638958      0.3589870E-01
   0.7538863      0.3696172E-01
   0.7438838      0.3800299E-01
   0.7338951      0.3901823E-01
   0.7239183      0.4000437E-01
   0.7139536      0.4095859E-01
   0.7040004      0.4187806E-01
   0.6940583      0.4276006E-01
   0.6841265      0.4360174E-01
   0.6741997      0.4440036E-01
   0.6642678      0.4515666E-01
   0.6543289      0.4587193E-01
   0.6443815      0.4654730E-01
   0.6344254      0.4718390E-01
   0.6244581      0.4778276E-01
   0.6144749      0.4834668E-01
   0.6044773      0.4887868E-01
   0.5944677      0.4938071E-01
   0.5844466      0.4985455E-01
   0.5744152      0.5030207E-01
   0.5643749      0.5072511E-01
   0.5543311      0.5112502E-01
   0.5442906      0.5150076E-01
   0.5342534      0.5185112E-01
   0.5242203      0.5217517E-01
   0.5141914      0.5247193E-01
   0.5041670      0.5274044E-01
   0.4941477      0.5297971E-01
   0.4841342      0.5318827E-01
   0.4741244      0.5336514E-01
   0.4641182      0.5350964E-01
   0.4541152      0.5362107E-01
   0.4441153      0.5369875E-01
   0.4341178      0.5374193E-01
   0.4241208      0.5375030E-01
   0.4141234      0.5372405E-01
   0.4041254      0.5366334E-01
   0.3941270      0.5356832E-01
   0.3841281      0.5343912E-01
   0.3741287      0.5327587E-01
   0.3641281      0.5307878E-01
   0.3541258      0.5284834E-01
   0.3441225      0.5258499E-01
   0.3341181      0.5228908E-01
   0.3241128      0.5196097E-01
   0.3141067      0.5160104E-01
   0.3041001      0.5120970E-01
   0.2940943      0.5078753E-01
   0.2840927      0.5033436E-01
   0.2740961      0.4984941E-01
   0.2641051      0.4933198E-01
   0.2541203      0.4878133E-01
   0.2441427      0.4819683E-01
   0.2341750      0.4757740E-01
   0.2242183      0.4692138E-01
   0.2142729      0.4622709E-01
   0.2043392      0.4549294E-01
   0.1944174      0.4471736E-01
   0.1845080      0.4389867E-01
   0.1746110      0.4303575E-01
   0.1647317      0.4212752E-01
   0.1548760      0.4117118E-01
   0.1450459      0.4016303E-01
   0.1352432      0.3909957E-01
   0.1254710      0.3797743E-01
   0.1157353      0.3679396E-01
   0.1060544      0.3554556E-01
   0.9644348E-01  0.3422438E-01
   0.8691479E-01  0.3282248E-01
   0.7749752E-01  0.3133491E-01
   0.6825276E-01  0.2975464E-01
   0.5923311E-01  0.2806878E-01
   0.5054172E-01  0.2628030E-01
   0.4234560E-01  0.2440264E-01
   0.3484714E-01  0.2246659E-01
   0.2823645E-01  0.2052804E-01
   0.2262416E-01  0.1862859E-01
   0.1801930E-01  0.1681702E-01
   0.1427034E-01  0.1513701E-01
   0.1116429E-01  0.1357738E-01
   0.8571779E-02  0.1206791E-01
   0.6453659E-02  0.1057251E-01
   0.4750582E-02  0.9109294E-02
   0.3382623E-02  0.7700275E-02
   0.2301409E-02  0.6374464E-02
   0.1463416E-02  0.5134847E-02
   0.8312619E-03  0.3968745E-02
   0.3802398E-03  0.2861993E-02
   0.9678538E-04  0.1801747E-02
  -0.2298882E-04  0.7764392E-03
   0.2673989E-04 -0.2250554E-03
   0.2525198E-03 -0.1215351E-02
   0.6506084E-03 -0.2208378E-02
   0.1225479E-02 -0.3217135E-02
   0.1992680E-02 -0.4254851E-02
   0.2981177E-02 -0.5335971E-02
   0.4237358E-02 -0.6475636E-02
   0.5824056E-02 -0.7681818E-02
   0.7804808E-02 -0.8933160E-02
   0.1028253E-01 -0.1020044E-01
   0.1333258E-01 -0.1146206E-01
   0.1699074E-01 -0.1278076E-01
   0.2143985E-01 -0.1425418E-01
   0.2695571E-01 -0.1587898E-01
   0.3364686E-01 -0.1759588E-01
   0.4136850E-01 -0.1937651E-01
   0.4986010E-01 -0.2116194E-01
   0.5886065E-01 -0.2290751E-01
   0.6816264E-01 -0.2459302E-01
   0.7764051E-01 -0.2620879E-01
   0.8723929E-01 -0.2775833E-01
   0.9691191E-01 -0.2924597E-01
   0.1066319     -0.3067276E-01
   0.1163897     -0.3204161E-01
   0.1261773     -0.3335609E-01
   0.1359841     -0.3461769E-01
   0.1458054     -0.3582673E-01
   0.1556395     -0.3698407E-01
   0.1654852     -0.3809062E-01
   0.1753417     -0.3914737E-01
   0.1852062     -0.4015501E-01
   0.1950759     -0.4111332E-01
   0.2049503     -0.4202201E-01
   0.2148294     -0.4288114E-01
   0.2247128     -0.4369068E-01
   0.2346007     -0.4445067E-01
   0.2444931     -0.4516116E-01
   0.2543910     -0.4582249E-01
   0.2642939     -0.4643521E-01
   0.2742014     -0.4699954E-01
   0.2841131     -0.4751574E-01
   0.2940287     -0.4798410E-01
   0.3039481     -0.4840488E-01
   0.3138709     -0.4877838E-01
   0.3237971     -0.4910488E-01
   0.3337263     -0.4938466E-01
   0.3436582     -0.4961803E-01
   0.3535926     -0.4980528E-01
   0.3635290     -0.4994673E-01
   0.3734656     -0.5004261E-01
   0.3834005     -0.5009258E-01
   0.3933332     -0.5009604E-01
   0.4032637     -0.5005262E-01
   0.4131914     -0.4996192E-01
   0.4231158     -0.4982351E-01
   0.4330359     -0.4963695E-01
   0.4429500     -0.4940129E-01
   0.4528596     -0.4911535E-01
   0.4627668     -0.4877899E-01
   0.4726712     -0.4839212E-01
   0.4825731     -0.4795465E-01
   0.4924723     -0.4746649E-01
   0.5023690     -0.4692755E-01
   0.5122638     -0.4633791E-01
   0.5221569     -0.4569785E-01
   0.5320483     -0.4500767E-01
   0.5419377     -0.4426771E-01
   0.5518250     -0.4347827E-01
   0.5617100     -0.4263970E-01
   0.5715924     -0.4175231E-01
   0.5814722     -0.4081646E-01
   0.5913491     -0.3983248E-01
   0.6012229     -0.3880073E-01
   0.6110935     -0.3772152E-01
   0.6209604     -0.3659531E-01
   0.6308239     -0.3542183E-01
   0.6406887     -0.3420099E-01
   0.6505593     -0.3293444E-01
   0.6604366     -0.3162445E-01
   0.6703219     -0.3027315E-01
   0.6802168     -0.2888271E-01
   0.6901279     -0.2745479E-01
   0.7000633     -0.2599392E-01
   0.7100230     -0.2450601E-01
   0.7200077     -0.2299648E-01
   0.7300163     -0.2147115E-01
   0.7400454     -0.1993633E-01
   0.7500777     -0.1840048E-01
   0.7600983     -0.1687236E-01
   0.7701119     -0.1535414E-01
   0.7801189     -0.1384727E-01
   0.7901196     -0.1235316E-01
   0.8001134     -0.1087337E-01
   0.8100984     -0.9409624E-02
   0.8200675     -0.7964995E-02
   0.8300119     -0.6545703E-02
   0.8399287     -0.5157956E-02
   0.8498093     -0.3808250E-02
   0.8596360     -0.2508184E-02
   0.8693995     -0.1271994E-02
   0.8790905     -0.1135694E-03
   0.8886968      0.9492963E-03
   0.8982161      0.1898756E-02
   0.9076539      0.2719137E-02
   0.9170087      0.3398828E-02
   0.9262580      0.3921653E-02
   0.9353851      0.4271153E-02
   0.9443518      0.4435934E-02
   0.9530564      0.4405681E-02
   0.9613374      0.4176984E-02
   0.9689551      0.3768822E-02
   0.9756212      0.3230613E-02
   0.9812036      0.2634519E-02
   0.9857729      0.2029091E-02
   0.9894444      0.1436821E-02
   0.9923941      0.8753261E-03
   0.9948152      0.3527609E-03
   0.9968602     -0.1325591E-03
   0.9986315     -0.5858294E-03
    1.000000     -0.9571177E-03
