    1.000000      0.1206884E-02
   0.9986940      0.1780267E-02
   0.9970069      0.2492121E-02
   0.9950654      0.3271605E-02
   0.9927783      0.4136549E-02
   0.9900101      0.5108179E-02
   0.9865824      0.6207071E-02
   0.9823107      0.7453660E-02
   0.9770427      0.8867936E-02
   0.9706546      0.1044321E-01
   0.9631940      0.1211428E-01
   0.9549054      0.1379768E-01
   0.9460476      0.1543244E-01
   0.9367986      0.1699854E-01
   0.9272869      0.1849644E-01
   0.9175799      0.1993600E-01
   0.9077116      0.2133646E-01
   0.8977253      0.2271484E-01
   0.8876591      0.2408053E-01
   0.8775343      0.2544251E-01
   0.8673846      0.2680686E-01
   0.8572290      0.2817245E-01
   0.8470822      0.2953297E-01
   0.8369514      0.3088360E-01
   0.8268387      0.3222007E-01
   0.8167453      0.3353856E-01
   0.8066744      0.3483372E-01
   0.7966204      0.3610117E-01
   0.7865771      0.3733889E-01
   0.7765428      0.3854505E-01
   0.7665163      0.3971763E-01
   0.7564962      0.4085462E-01
   0.7464791      0.4195455E-01
   0.7364619      0.4301762E-01
   0.7264490      0.4404256E-01
   0.7164408      0.4502745E-01
   0.7064377      0.4597064E-01
   0.6964396      0.4687047E-01
   0.6864459      0.4772529E-01
   0.6764545      0.4853360E-01
   0.6664610      0.4929520E-01
   0.6564643      0.5001035E-01
   0.6464638      0.5067917E-01
   0.6364590      0.5130182E-01
   0.6264487      0.5187828E-01
   0.6164278      0.5240968E-01
   0.6063937      0.5289837E-01
   0.5963473      0.5334644E-01
   0.5862885      0.5375572E-01
   0.5762176      0.5412811E-01
   0.5661352      0.5446550E-01
   0.5560419      0.5476989E-01
   0.5459408      0.5504289E-01
   0.5358346      0.5528522E-01
   0.5257241      0.5549736E-01
   0.5156100      0.5567987E-01
   0.5054926      0.5583329E-01
   0.4953728      0.5595819E-01
   0.4852525      0.5605479E-01
   0.4751332      0.5612282E-01
   0.4650151      0.5616198E-01
   0.4548984      0.5617196E-01
   0.4447835      0.5615248E-01
   0.4346702      0.5610323E-01
   0.4245588      0.5602392E-01
   0.4144493      0.5591425E-01
   0.4043419      0.5577393E-01
   0.3942367      0.5560266E-01
   0.3841338      0.5540015E-01
   0.3740334      0.5516611E-01
   0.3639362      0.5490012E-01
   0.3538416      0.5460161E-01
   0.3437485      0.5427044E-01
   0.3336568      0.5390662E-01
   0.3235663      0.5351013E-01
   0.3134773      0.5308099E-01
   0.3033898      0.5261917E-01
   0.2933039      0.5212469E-01
   0.2832197      0.5159753E-01
   0.2731374      0.5103772E-01
   0.2630574      0.5044525E-01
   0.2529802      0.4982016E-01
   0.2429075      0.4916259E-01
   0.2328434      0.4847219E-01
   0.2227912      0.4774740E-01
   0.2127518      0.4698636E-01
   0.2027260      0.4618725E-01
   0.1927146      0.4534827E-01
   0.1827185      0.4446768E-01
   0.1727410      0.4354382E-01
   0.1627869      0.4257402E-01
   0.1528582      0.4155481E-01
   0.1429565      0.4048268E-01
   0.1330836      0.3935428E-01
   0.1232427      0.3816642E-01
   0.1134424      0.3691692E-01
   0.1037016      0.3560180E-01
   0.9403614E-01  0.3421352E-01
   0.8446239E-01  0.3274546E-01
   0.7502221E-01  0.3119456E-01
   0.6578494E-01  0.2955296E-01
   0.5681786E-01  0.2781343E-01
   0.4825761E-01  0.2598656E-01
   0.4029277E-01  0.2409397E-01
   0.3312061E-01  0.2217553E-01
   0.2689432E-01  0.2028838E-01
   0.2166666E-01  0.1846200E-01
   0.1737333E-01  0.1673079E-01
   0.1384673E-01  0.1512332E-01
   0.1090371E-01  0.1362835E-01
   0.8437985E-02  0.1218081E-01
   0.6407888E-02  0.1074251E-01
   0.4757455E-02  0.9321500E-02
   0.3417593E-02  0.7934187E-02
   0.2346025E-02  0.6609995E-02
   0.1507715E-02  0.5360273E-02
   0.8698522E-03  0.4177804E-02
   0.4097087E-03  0.3051491E-02
   0.1143502E-03  0.1970283E-02
  -0.2032437E-04  0.9237770E-03
   0.1057478E-04 -0.9823195E-04
   0.2149340E-03 -0.1107308E-02
   0.5891344E-03 -0.2116833E-02
   0.1135707E-02 -0.3139181E-02
   0.1867238E-02 -0.4186439E-02
   0.2807796E-02 -0.5271126E-02
   0.3995468E-02 -0.6405439E-02
   0.5481069E-02 -0.7594763E-02
   0.7311559E-02 -0.8818144E-02
   0.9562101E-02 -0.1004614E-01
   0.1230464E-01 -0.1125602E-01
   0.1557250E-01 -0.1247451E-01
   0.1947640E-01 -0.1379327E-01
   0.2424807E-01 -0.1523155E-01
   0.3008789E-01 -0.1674820E-01
   0.3701197E-01 -0.1830749E-01
   0.4488413E-01 -0.1988228E-01
   0.5347503E-01 -0.2141991E-01
   0.6254955E-01 -0.2289340E-01
   0.7191823E-01 -0.2428911E-01
   0.8147320E-01 -0.2560319E-01
   0.9115599E-01 -0.2684362E-01
   0.1009145     -0.2801361E-01
   0.1107271     -0.2911575E-01
   0.1205848     -0.3015472E-01
   0.1304796     -0.3113538E-01
   0.1404042     -0.3206114E-01
   0.1503562     -0.3293536E-01
   0.1603337     -0.3376162E-01
   0.1703353     -0.3454355E-01
   0.1803580     -0.3528486E-01
   0.1903937     -0.3598797E-01
   0.2004350     -0.3665281E-01
   0.2104804     -0.3727921E-01
   0.2205287     -0.3786717E-01
   0.2305791     -0.3841671E-01
   0.2406307     -0.3892784E-01
   0.2506806     -0.3940010E-01
   0.2607285     -0.3983200E-01
   0.2707783     -0.4022353E-01
   0.2808301     -0.4057500E-01
   0.2908844     -0.4088660E-01
   0.3009410     -0.4115858E-01
   0.3109997     -0.4139114E-01
   0.3210606     -0.4158451E-01
   0.3311234     -0.4173890E-01
   0.3411879     -0.4185455E-01
   0.3512538     -0.4193169E-01
   0.3613208     -0.4197052E-01
   0.3713874     -0.4197135E-01
   0.3814512     -0.4193378E-01
   0.3915115     -0.4185700E-01
   0.4015687     -0.4174049E-01
   0.4116225     -0.4158377E-01
   0.4216728     -0.4138634E-01
   0.4317194     -0.4114772E-01
   0.4417622     -0.4086743E-01
   0.4518010     -0.4054500E-01
   0.4618357     -0.4017994E-01
   0.4718661     -0.3977179E-01
   0.4818922     -0.3932008E-01
   0.4919140     -0.3882433E-01
   0.5019328     -0.3828406E-01
   0.5119496     -0.3769947E-01
   0.5219635     -0.3707068E-01
   0.5319743     -0.3639765E-01
   0.5419816     -0.3568034E-01
   0.5519853     -0.3491872E-01
   0.5619847     -0.3411276E-01
   0.5719796     -0.3326212E-01
   0.5819712     -0.3236667E-01
   0.5919597     -0.3142662E-01
   0.6019454     -0.3044220E-01
   0.6119285     -0.2941358E-01
   0.6219095     -0.2834097E-01
   0.6318912     -0.2722427E-01
   0.6418784     -0.2606443E-01
   0.6518738     -0.2486363E-01
   0.6618782     -0.2362426E-01
   0.6718927     -0.2234869E-01
   0.6819182     -0.2103934E-01
   0.6919582     -0.1969844E-01
   0.7020167     -0.1832947E-01
   0.7120949     -0.1693663E-01
   0.7221936     -0.1552418E-01
   0.7323127     -0.1409659E-01
   0.7424505     -0.1265859E-01
   0.7526002     -0.1121558E-01
   0.7627443     -0.9773693E-02
   0.7728685     -0.8340147E-02
   0.7829679     -0.6921231E-02
   0.7930406     -0.5522701E-02
   0.8030855     -0.4150088E-02
   0.8130983     -0.2809370E-02
   0.8230702     -0.1509048E-02
   0.8329984     -0.2588439E-03
   0.8428818      0.9329879E-03
   0.8527097      0.2056298E-02
   0.8624731      0.3097607E-02
   0.8721709      0.4043501E-02
   0.8818066      0.4883154E-02
   0.8913700      0.5605551E-02
   0.9008515      0.6195321E-02
   0.9102533      0.6639632E-02
   0.9195640      0.6928038E-02
   0.9287609      0.7047247E-02
   0.9378108      0.6986291E-02
   0.9466433      0.6735176E-02
   0.9551479      0.6288250E-02
   0.9631567      0.5660413E-02
   0.9704219      0.4896529E-02
   0.9767050      0.4066464E-02
   0.9819440      0.3242005E-02
   0.9862374      0.2455617E-02
   0.9897160      0.1714299E-02
   0.9925471      0.1023647E-02
   0.9948984      0.3853452E-03
   0.9969015     -0.2055947E-03
   0.9986466     -0.7564011E-03
    1.000000     -0.1206884E-02
