    1.000000      0.1272967E-02
   0.9986943      0.1852198E-02
   0.9970095      0.2570887E-02
   0.9950742      0.3357143E-02
   0.9928000      0.4228500E-02
   0.9900565      0.5205803E-02
   0.9866733      0.6309395E-02
   0.9824713      0.7559977E-02
   0.9772991      0.8978195E-02
   0.9710269      0.1056098E-01
   0.9636811      0.1224753E-01
   0.9554860      0.1395451E-01
   0.9466974      0.1561722E-01
   0.9374978      0.1721075E-01
   0.9280190      0.1873377E-01
   0.9183354      0.2019463E-01
   0.9084830      0.2161149E-01
   0.8985046      0.2300187E-01
   0.8884395      0.2437556E-01
   0.8783077      0.2574176E-01
   0.8681368      0.2710794E-01
   0.8579631      0.2847180E-01
   0.8478000      0.2982765E-01
   0.8376517      0.3117151E-01
   0.8275203      0.3249952E-01
   0.8174068      0.3380833E-01
   0.8073162      0.3509270E-01
   0.7972443      0.3634762E-01
   0.7871843      0.3757077E-01
   0.7771342      0.3876024E-01
   0.7670928      0.3991385E-01
   0.7570586      0.4102948E-01
   0.7470283      0.4210539E-01
   0.7369977      0.4314157E-01
   0.7269692      0.4413730E-01
   0.7169432      0.4509124E-01
   0.7069196      0.4600220E-01
   0.6968984      0.4686901E-01
   0.6868789      0.4769052E-01
   0.6768584      0.4846587E-01
   0.6668332      0.4919539E-01
   0.6568021      0.4987983E-01
   0.6467645      0.5051982E-01
   0.6367203      0.5111600E-01
   0.6266685      0.5166886E-01
   0.6166050      0.5217983E-01
   0.6065286      0.5265124E-01
   0.5964404      0.5308501E-01
   0.5863406      0.5348285E-01
   0.5762295      0.5384652E-01
   0.5661077      0.5417779E-01
   0.5559764      0.5447848E-01
   0.5458385      0.5474988E-01
   0.5356964      0.5499250E-01
   0.5255509      0.5520672E-01
   0.5154023      0.5539298E-01
   0.5052511      0.5555170E-01
   0.4950979      0.5568332E-01
   0.4849443      0.5578806E-01
   0.4747920      0.5586565E-01
   0.4646414      0.5591568E-01
   0.4544928      0.5593776E-01
   0.4443463      0.5593150E-01
   0.4342021      0.5589651E-01
   0.4240602      0.5583241E-01
   0.4139207      0.5573880E-01
   0.4037838      0.5561530E-01
   0.3936495      0.5546151E-01
   0.3835181      0.5527705E-01
   0.3733896      0.5506154E-01
   0.3632648      0.5481450E-01
   0.3531432      0.5453529E-01
   0.3430242      0.5422360E-01
   0.3329078      0.5387920E-01
   0.3227940      0.5350184E-01
   0.3126829      0.5309130E-01
   0.3025745      0.5264732E-01
   0.2924691      0.5216969E-01
   0.2823668      0.5165815E-01
   0.2722676      0.5111249E-01
   0.2621720      0.5053247E-01
   0.2520804      0.4991789E-01
   0.2419938      0.4926859E-01
   0.2319151      0.4858422E-01
   0.2218473      0.4786354E-01
   0.2117912      0.4710494E-01
   0.2017477      0.4630682E-01
   0.1917177      0.4546762E-01
   0.1817021      0.4458579E-01
   0.1717045      0.4366009E-01
   0.1617312      0.4268804E-01
   0.1517855      0.4166596E-01
   0.1418690      0.4059001E-01
   0.1319842      0.3945656E-01
   0.1221345      0.3826216E-01
   0.1123299      0.3700441E-01
   0.1025899      0.3567861E-01
   0.9293002E-01  0.3427683E-01
   0.8336821E-01  0.3279272E-01
   0.7395103E-01  0.3122361E-01
   0.6474898E-01  0.2956122E-01
   0.5583563E-01  0.2780107E-01
   0.4735706E-01  0.2595679E-01
   0.3950598E-01  0.2405358E-01
   0.3247295E-01  0.2213448E-01
   0.2639456E-01  0.2025600E-01
   0.2130319E-01  0.1844364E-01
   0.1711709E-01  0.1672873E-01
   0.1366819E-01  0.1513585E-01
   0.1078281E-01  0.1365316E-01
   0.8361852E-02  0.1221693E-01
   0.6363936E-02  0.1078966E-01
   0.4734577E-02  0.9377314E-02
   0.3407943E-02  0.7994659E-02
   0.2343657E-02  0.6670552E-02
   0.1509006E-02  0.5417989E-02
   0.8726460E-03  0.4231073E-02
   0.4125826E-03  0.3099503E-02
   0.1162003E-03  0.2012716E-02
  -0.2054547E-04  0.9606317E-03
   0.7072578E-05 -0.6669730E-04
   0.2072353E-03 -0.1080565E-02
   0.5764788E-03 -0.2094253E-02
   0.1116915E-02 -0.3120068E-02
   0.1840467E-02 -0.4169934E-02
   0.2770110E-02 -0.5256098E-02
   0.3942089E-02 -0.6390377E-02
   0.5404518E-02 -0.7578070E-02
   0.7200866E-02 -0.8799250E-02
   0.9399734E-02 -0.1002502E-01
   0.1207022E-01 -0.1123300E-01
   0.1524528E-01 -0.1244303E-01
   0.1902211E-01 -0.1374253E-01
   0.2361826E-01 -0.1515623E-01
   0.2924323E-01 -0.1665085E-01
   0.3594514E-01 -0.1818805E-01
   0.4362287E-01 -0.1974597E-01
   0.5207122E-01 -0.2127306E-01
   0.6105600E-01 -0.2273840E-01
   0.7037682E-01 -0.2412684E-01
   0.7990806E-01 -0.2543246E-01
   0.8958578E-01 -0.2666255E-01
   0.9935147E-01 -0.2782164E-01
   0.1091777     -0.2891226E-01
   0.1190532     -0.2993915E-01
   0.1289679     -0.3090745E-01
   0.1389121     -0.3182034E-01
   0.1488821     -0.3268061E-01
   0.1588761     -0.3349138E-01
   0.1688924     -0.3425584E-01
   0.1789289     -0.3497728E-01
   0.1889798     -0.3565819E-01
   0.1990384     -0.3629913E-01
   0.2091036     -0.3690034E-01
   0.2191742     -0.3746232E-01
   0.2292497     -0.3798551E-01
   0.2393295     -0.3847039E-01
   0.2494122     -0.3891735E-01
   0.2594962     -0.3932625E-01
   0.2695811     -0.3969688E-01
   0.2796668     -0.4002913E-01
   0.2897530     -0.4032287E-01
   0.2998397     -0.4057800E-01
   0.3099267     -0.4079440E-01
   0.3200138     -0.4097195E-01
   0.3301008     -0.4111054E-01
   0.3401878     -0.4121007E-01
   0.3502744     -0.4127043E-01
   0.3603607     -0.4129152E-01
   0.3704463     -0.4127324E-01
   0.3805313     -0.4121548E-01
   0.3906154     -0.4111816E-01
   0.4006984     -0.4098116E-01
   0.4107804     -0.4080442E-01
   0.4208610     -0.4058782E-01
   0.4309401     -0.4033129E-01
   0.4410177     -0.4003475E-01
   0.4510935     -0.3969810E-01
   0.4611673     -0.3932127E-01
   0.4712389     -0.3890419E-01
   0.4813079     -0.3844680E-01
   0.4913737     -0.3794904E-01
   0.5014339     -0.3741086E-01
   0.5114874     -0.3683085E-01
   0.5215372     -0.3620842E-01
   0.5315837     -0.3554359E-01
   0.5416271     -0.3483634E-01
   0.5516673     -0.3408668E-01
   0.5617041     -0.3329459E-01
   0.5717373     -0.3246008E-01
   0.5817668     -0.3158314E-01
   0.5917924     -0.3066373E-01
   0.6018142     -0.2970181E-01
   0.6118325     -0.2869730E-01
   0.6218488     -0.2764997E-01
   0.6318677     -0.2655980E-01
   0.6418934     -0.2542856E-01
   0.6519262     -0.2425836E-01
   0.6619671     -0.2305127E-01
   0.6720165     -0.2180939E-01
   0.6820753     -0.2053482E-01
   0.6921461     -0.1922948E-01
   0.7022328     -0.1789616E-01
   0.7123373     -0.1653853E-01
   0.7224607     -0.1516048E-01
   0.7326029     -0.1376603E-01
   0.7427629     -0.1235942E-01
   0.7529363     -0.1094538E-01
   0.7631108     -0.9529694E-02
   0.7732702     -0.8120151E-02
   0.7834054     -0.6723723E-02
   0.7935136     -0.5346422E-02
   0.8035932     -0.3993947E-02
   0.8136403     -0.2672352E-02
   0.8236472     -0.1389848E-02
   0.8336113     -0.1556356E-03
   0.8435309      0.1022236E-02
   0.8533957      0.2133866E-02
   0.8631964      0.3166142E-02
   0.8729317      0.4106081E-02
   0.8826021      0.4943143E-02
   0.8921920      0.5665075E-02
   0.9016909      0.6255277E-02
   0.9110951      0.6699145E-02
   0.9203954      0.6982873E-02
   0.9295767      0.7094066E-02
   0.9385980      0.7023217E-02
   0.9473794      0.6759562E-02
   0.9558078      0.6297951E-02
   0.9637116      0.5656691E-02
   0.9708472      0.4883652E-02
   0.9770006      0.4049298E-02
   0.9821322      0.3223067E-02
   0.9863459      0.2434432E-02
   0.9897727      0.1689211E-02
   0.9925742      0.9925021E-03
   0.9949099      0.3463742E-03
   0.9969053     -0.2535208E-03
   0.9986473     -0.8139108E-03
    1.000000     -0.1272967E-02
