    1.000000      0.1029019E-02
   0.9986857      0.1562624E-02
   0.9969809      0.2229197E-02
   0.9950069      0.2965448E-02
   0.9926601      0.3791957E-02
   0.9897824      0.4734550E-02
   0.9861649      0.5819146E-02
   0.9816034      0.7067773E-02
   0.9759509      0.8497090E-02
   0.9691173      0.1008640E-01
   0.9612518      0.1175212E-01
   0.9526757      0.1340551E-01
   0.9436437      0.1499475E-01
   0.9343134      0.1650792E-01
   0.9247836      0.1794825E-01
   0.9150984      0.1932793E-01
   0.9052840      0.2066513E-01
   0.8953746      0.2197387E-01
   0.8853932      0.2326375E-01
   0.8753525      0.2454521E-01
   0.8652749      0.2582532E-01
   0.8551843      0.2710597E-01
   0.8450967      0.2838912E-01
   0.8350081      0.2967684E-01
   0.8249192      0.3096557E-01
   0.8148449      0.3224912E-01
   0.8047928      0.3352149E-01
   0.7947630      0.3477714E-01
   0.7847534      0.3601180E-01
   0.7747633      0.3722132E-01
   0.7647915      0.3840156E-01
   0.7548370      0.3954850E-01
   0.7448964      0.4065832E-01
   0.7349638      0.4172887E-01
   0.7250360      0.4275897E-01
   0.7151120      0.4374737E-01
   0.7051911      0.4469271E-01
   0.6952730      0.4559368E-01
   0.6853557      0.4644899E-01
   0.6754351      0.4725842E-01
   0.6655084      0.4802272E-01
   0.6555750      0.4874268E-01
   0.6456348      0.4941899E-01
   0.6356877      0.5005237E-01
   0.6257330      0.5064347E-01
   0.6157685      0.5119358E-01
   0.6057939      0.5170442E-01
   0.5958097      0.5217746E-01
   0.5858162      0.5261409E-01
   0.5758138      0.5301572E-01
   0.5658032      0.5338376E-01
   0.5557863      0.5371957E-01
   0.5457665      0.5402363E-01
   0.5357455      0.5429585E-01
   0.5257238      0.5453614E-01
   0.5157018      0.5474440E-01
   0.5056799      0.5492053E-01
   0.4956588      0.5506446E-01
   0.4856397      0.5517564E-01
   0.4756217      0.5525363E-01
   0.4656046      0.5529824E-01
   0.4555884      0.5530930E-01
   0.4455729      0.5528661E-01
   0.4355576      0.5522995E-01
   0.4255407      0.5513942E-01
   0.4155210      0.5501566E-01
   0.4054985      0.5485933E-01
   0.3954733      0.5467106E-01
   0.3854455      0.5445146E-01
   0.3754149      0.5420113E-01
   0.3653813      0.5392088E-01
   0.3553464      0.5361162E-01
   0.3453133      0.5327344E-01
   0.3352825      0.5290596E-01
   0.3252544      0.5250888E-01
   0.3152293      0.5208187E-01
   0.3052073      0.5162461E-01
   0.2951885      0.5113677E-01
   0.2851730      0.5061801E-01
   0.2751610      0.5006802E-01
   0.2651526      0.4948647E-01
   0.2551480      0.4887304E-01
   0.2451473      0.4822739E-01
   0.2351511      0.4754937E-01
   0.2251619      0.4683857E-01
   0.2151809      0.4609393E-01
   0.2052088      0.4531432E-01
   0.1952461      0.4449863E-01
   0.1852938      0.4364574E-01
   0.1753537      0.4275490E-01
   0.1654329      0.4182485E-01
   0.1555374      0.4085226E-01
   0.1456693      0.3983300E-01
   0.1358304      0.3876313E-01
   0.1260235      0.3763879E-01
   0.1162542      0.3645685E-01
   0.1065393      0.3521345E-01
   0.9689377E-01  0.3390075E-01
   0.8732969E-01  0.3251061E-01
   0.7787442E-01  0.3103789E-01
   0.6858926E-01  0.2947610E-01
   0.5952853E-01  0.2781242E-01
   0.5079575E-01  0.2604946E-01
   0.4256166E-01  0.2420057E-01
   0.3502833E-01  0.2229482E-01
   0.2838975E-01  0.2038831E-01
   0.2276059E-01  0.1852228E-01
   0.1813830E-01  0.1673896E-01
   0.1436968E-01  0.1508316E-01
   0.1124723E-01  0.1354917E-01
   0.8643211E-02  0.1206784E-01
   0.6516124E-02  0.1059738E-01
   0.4805008E-02  0.9152116E-02
   0.3429399E-02  0.7752888E-02
   0.2339997E-02  0.6430068E-02
   0.1494098E-02  0.5189845E-02
   0.8544986E-03  0.4021250E-02
   0.3963938E-03  0.2911021E-02
   0.1060193E-03  0.1846836E-02
  -0.2078660E-04  0.8174758E-03
   0.2144085E-04 -0.1879030E-03
   0.2396687E-03 -0.1181615E-02
   0.6301235E-03 -0.2177485E-02
   0.1196777E-02 -0.3188392E-02
   0.1954505E-02 -0.4227321E-02
   0.2931237E-02 -0.5308296E-02
   0.4171678E-02 -0.6445820E-02
   0.5736490E-02 -0.7647378E-02
   0.7685692E-02 -0.8891270E-02
   0.1011597E-01 -0.1014660E-01
   0.1310202E-01 -0.1138844E-01
   0.1667603E-01 -0.1266720E-01
   0.2100291E-01 -0.1407817E-01
   0.2635284E-01 -0.1562159E-01
   0.3285987E-01 -0.1723802E-01
   0.4041404E-01 -0.1889764E-01
   0.4878310E-01 -0.2055214E-01
   0.5770794E-01 -0.2215744E-01
   0.6697314E-01 -0.2369585E-01
   0.7643679E-01 -0.2515862E-01
   0.8603557E-01 -0.2654897E-01
   0.9571896E-01 -0.2787340E-01
   0.1054543     -0.2913332E-01
   0.1152305     -0.3033175E-01
   0.1250402     -0.3147283E-01
   0.1348744     -0.3255937E-01
   0.1447287     -0.3359303E-01
   0.1546012     -0.3457588E-01
   0.1644908     -0.3551002E-01
   0.1743963     -0.3639766E-01
   0.1843151     -0.3724080E-01
   0.1942419     -0.3804031E-01
   0.2041746     -0.3879615E-01
   0.2141125     -0.3950862E-01
   0.2240551     -0.4017794E-01
   0.2340019     -0.4080439E-01
   0.2439525     -0.4138819E-01
   0.2539060     -0.4192945E-01
   0.2638627     -0.4242817E-01
   0.2738226     -0.4288462E-01
   0.2837855     -0.4329900E-01
   0.2937514     -0.4367157E-01
   0.3037201     -0.4400255E-01
   0.3136915     -0.4429219E-01
   0.3236652     -0.4454072E-01
   0.3336412     -0.4474839E-01
   0.3436193     -0.4491545E-01
   0.3535989     -0.4504215E-01
   0.3635797     -0.4512875E-01
   0.3735592     -0.4517546E-01
   0.3835342     -0.4518155E-01
   0.3935038     -0.4514577E-01
   0.4034683     -0.4506720E-01
   0.4134270     -0.4494491E-01
   0.4233799     -0.4477799E-01
   0.4333260     -0.4456553E-01
   0.4432641     -0.4430610E-01
   0.4531969     -0.4399815E-01
   0.4631274     -0.4364161E-01
   0.4730555     -0.4323647E-01
   0.4829814     -0.4278272E-01
   0.4929052     -0.4228035E-01
   0.5028271     -0.4172937E-01
   0.5127478     -0.4112996E-01
   0.5226674     -0.4048252E-01
   0.5325859     -0.3978746E-01
   0.5425029     -0.3904518E-01
   0.5524180     -0.3825610E-01
   0.5623303     -0.3742070E-01
   0.5722382     -0.3653899E-01
   0.5821417     -0.3561080E-01
   0.5920410     -0.3463615E-01
   0.6019359     -0.3361512E-01
   0.6118267     -0.3254772E-01
   0.6217133     -0.3143403E-01
   0.6315979     -0.3027354E-01
   0.6414868     -0.2906654E-01
   0.6513846     -0.2781530E-01
   0.6612922     -0.2652261E-01
   0.6712112     -0.2519120E-01
   0.6811426     -0.2382387E-01
   0.6910912     -0.2242307E-01
   0.7010625     -0.2099315E-01
   0.7110577     -0.1953950E-01
   0.7210767     -0.1806752E-01
   0.7311177     -0.1658304E-01
   0.7411716     -0.1509301E-01
   0.7512236     -0.1360525E-01
   0.7612648     -0.1212491E-01
   0.7712914     -0.1065577E-01
   0.7813020     -0.9201731E-02
   0.7912960     -0.7766476E-02
   0.8012729     -0.6353687E-02
   0.8112296     -0.4967316E-02
   0.8211581     -0.3613439E-02
   0.8310536     -0.2300162E-02
   0.8409158     -0.1034131E-02
   0.8507332      0.1767600E-03
   0.8604880      0.1319082E-02
   0.8701732      0.2377059E-02
   0.8797910      0.3337367E-02
   0.8893350      0.4187420E-02
   0.8987955      0.4910983E-02
   0.9081747      0.5493018E-02
   0.9174694      0.5921619E-02
   0.9266631      0.6183074E-02
   0.9357350      0.6264465E-02
   0.9446375      0.6154923E-02
   0.9532791      0.5845849E-02
   0.9615135      0.5341770E-02
   0.9691049      0.4675933E-02
   0.9757559      0.3914058E-02
   0.9813222      0.3135901E-02
   0.9858708      0.2386999E-02
   0.9895208      0.1682330E-02
   0.9924512      0.1031561E-02
   0.9948553      0.4360748E-03
   0.9968851     -0.1106162E-03
   0.9986426     -0.6168862E-03
    1.000000     -0.1029019E-02
