    1.000000      0.6010995E-03
   0.9985246      0.8813072E-03
   0.9966390      0.1228253E-02
   0.9945008      0.1606520E-02
   0.9920305      0.2023603E-02
   0.9891166      0.2488248E-02
   0.9856176      0.3011118E-02
   0.9813713      0.3609368E-02
   0.9761957      0.4309919E-02
   0.9698870      0.5134646E-02
   0.9623571      0.6080476E-02
   0.9537537      0.7120864E-02
   0.9443772      0.8214418E-02
   0.9345294      0.9326108E-02
   0.9244294      0.1043409E-01
   0.9141979      0.1152695E-01
   0.9038932      0.1260120E-01
   0.8935425      0.1365729E-01
   0.8831579      0.1469748E-01
   0.8727454      0.1572475E-01
   0.8623068      0.1674300E-01
   0.8518517      0.1775835E-01
   0.8414049      0.1877644E-01
   0.8309715      0.1980476E-01
   0.8205388      0.2084584E-01
   0.8101024      0.2189902E-01
   0.7996559      0.2296364E-01
   0.7891964      0.2403570E-01
   0.7787378      0.2510826E-01
   0.7682974      0.2617410E-01
   0.7578822      0.2722712E-01
   0.7474958      0.2826143E-01
   0.7371352      0.2927055E-01
   0.7267845      0.3025193E-01
   0.7164363      0.3120665E-01
   0.7060876      0.3213480E-01
   0.6957358      0.3303661E-01
   0.6853780      0.3391213E-01
   0.6750071      0.3476351E-01
   0.6646242      0.3559332E-01
   0.6542303      0.3640293E-01
   0.6438263      0.3719376E-01
   0.6334135      0.3796711E-01
   0.6229948      0.3872440E-01
   0.6125763      0.3946539E-01
   0.6021607      0.4018868E-01
   0.5917475      0.4089350E-01
   0.5813371      0.4157921E-01
   0.5709294      0.4224518E-01
   0.5605244      0.4289075E-01
   0.5501219      0.4351510E-01
   0.5397196      0.4411772E-01
   0.5293159      0.4469888E-01
   0.5189105      0.4525877E-01
   0.5085031      0.4579758E-01
   0.4980938      0.4631548E-01
   0.4876828      0.4681279E-01
   0.4772723      0.4728959E-01
   0.4668640      0.4774520E-01
   0.4564586      0.4817897E-01
   0.4460565      0.4859023E-01
   0.4356587      0.4897836E-01
   0.4252671      0.4934252E-01
   0.4148836      0.4968123E-01
   0.4045091      0.4999281E-01
   0.3941439      0.5027565E-01
   0.3837880      0.5052816E-01
   0.3734416      0.5074876E-01
   0.3631047      0.5093586E-01
   0.3527773      0.5108791E-01
   0.3424590      0.5120341E-01
   0.3321500      0.5128090E-01
   0.3218502      0.5131892E-01
   0.3115596      0.5131602E-01
   0.3012772      0.5127076E-01
   0.2910026      0.5118217E-01
   0.2807363      0.5104919E-01
   0.2704786      0.5087063E-01
   0.2602300      0.5064532E-01
   0.2499911      0.5037210E-01
   0.2397629      0.5004986E-01
   0.2295479      0.4967756E-01
   0.2193500      0.4925317E-01
   0.2091709      0.4877425E-01
   0.1990123      0.4823842E-01
   0.1888760      0.4764338E-01
   0.1787661      0.4698701E-01
   0.1686906      0.4626657E-01
   0.1586563      0.4547723E-01
   0.1486676      0.4461439E-01
   0.1387338      0.4367377E-01
   0.1288661      0.4264903E-01
   0.1190731      0.4153326E-01
   0.1093690      0.4032082E-01
   0.9977628E-01  0.3900454E-01
   0.9031685E-01  0.3757585E-01
   0.8102463E-01  0.3603039E-01
   0.7195551E-01  0.3436542E-01
   0.6318421E-01  0.3258358E-01
   0.5481852E-01  0.3069737E-01
   0.4699043E-01  0.2873236E-01
   0.3984113E-01  0.2672831E-01
   0.3348053E-01  0.2473335E-01
   0.2794773E-01  0.2279534E-01
   0.2321248E-01  0.2093763E-01
   0.1921326E-01  0.1917145E-01
   0.1584895E-01  0.1750898E-01
   0.1299409E-01  0.1594566E-01
   0.1053666E-01  0.1446409E-01
   0.8410622E-02  0.1302544E-01
   0.6591380E-02  0.1160206E-01
   0.5054957E-02  0.1019365E-01
   0.3767863E-02  0.8808487E-02
   0.2700568E-02  0.7461786E-02
   0.1837219E-02  0.6172705E-02
   0.1156682E-02  0.4942227E-02
   0.6404615E-03  0.3763258E-02
   0.2760905E-03  0.2626605E-02
   0.5753519E-04  0.1522725E-02
  -0.1457998E-04  0.4418878E-03
   0.6707186E-04 -0.6264353E-03
   0.3031124E-03 -0.1694535E-02
   0.6904238E-03 -0.2774395E-02
   0.1233295E-02 -0.3877145E-02
   0.1943509E-02 -0.5013771E-02
   0.2840812E-02 -0.6195011E-02
   0.3952542E-02 -0.7429104E-02
   0.5306552E-02 -0.8712967E-02
   0.6927762E-02 -0.1002737E-01
   0.8860474E-02 -0.1136231E-01
   0.1114030E-01 -0.1271671E-01
   0.1379047E-01 -0.1412001E-01
   0.1687150E-01 -0.1564256E-01
   0.2052116E-01 -0.1732449E-01
   0.2491210E-01 -0.1918594E-01
   0.3017842E-01 -0.2122742E-01
   0.3637580E-01 -0.2345242E-01
   0.4348614E-01 -0.2583445E-01
   0.5138041E-01 -0.2830655E-01
   0.5986417E-01 -0.3080018E-01
   0.6874949E-01 -0.3325895E-01
   0.7790300E-01 -0.3564689E-01
   0.8724320E-01 -0.3795050E-01
   0.9671021E-01 -0.4016214E-01
   0.1062719     -0.4227908E-01
   0.1159111     -0.4430320E-01
   0.1256141     -0.4623748E-01
   0.1353697     -0.4808414E-01
   0.1451715     -0.4984578E-01
   0.1550127     -0.5152515E-01
   0.1648858     -0.5312366E-01
   0.1747863     -0.5464249E-01
   0.1847095     -0.5608309E-01
   0.1946482     -0.5744546E-01
   0.2045984     -0.5872880E-01
   0.2145580     -0.5993253E-01
   0.2245259     -0.6105623E-01
   0.2345012     -0.6209956E-01
   0.2444834     -0.6306236E-01
   0.2544714     -0.6394462E-01
   0.2644622     -0.6474546E-01
   0.2744564     -0.6546357E-01
   0.2844583     -0.6609883E-01
   0.2944717     -0.6665270E-01
   0.3044952     -0.6712725E-01
   0.3145230     -0.6752189E-01
   0.3245598     -0.6783629E-01
   0.3346079     -0.6807209E-01
   0.3446683     -0.6823095E-01
   0.3547411     -0.6831452E-01
   0.3648268     -0.6832440E-01
   0.3749263     -0.6826257E-01
   0.3850392     -0.6813132E-01
   0.3951641     -0.6793261E-01
   0.4053003     -0.6766822E-01
   0.4154473     -0.6734000E-01
   0.4256044     -0.6694985E-01
   0.4357707     -0.6649968E-01
   0.4459441     -0.6599113E-01
   0.4561238     -0.6542550E-01
   0.4663091     -0.6480411E-01
   0.4764994     -0.6412829E-01
   0.4866940     -0.6339938E-01
   0.4968912     -0.6261885E-01
   0.5070885     -0.6178738E-01
   0.5172863     -0.6090528E-01
   0.5274846     -0.5997328E-01
   0.5376838     -0.5899210E-01
   0.5478843     -0.5796245E-01
   0.5580876     -0.5688483E-01
   0.5682971     -0.5576022E-01
   0.5785153     -0.5459057E-01
   0.5887429     -0.5337815E-01
   0.5989805     -0.5212512E-01
   0.6092285     -0.5083374E-01
   0.6194875     -0.4950614E-01
   0.6297585     -0.4814515E-01
   0.6400382     -0.4675408E-01
   0.6503226     -0.4533461E-01
   0.6606111     -0.4388789E-01
   0.6709027     -0.4241510E-01
   0.6811970     -0.4091739E-01
   0.6914922     -0.3939575E-01
   0.7017900     -0.3784991E-01
   0.7120939     -0.3628094E-01
   0.7224049     -0.3469031E-01
   0.7327250     -0.3307940E-01
   0.7430561     -0.3144945E-01
   0.7534061     -0.2980180E-01
   0.7637776     -0.2814166E-01
   0.7741628     -0.2647552E-01
   0.7845442     -0.2481094E-01
   0.7949093     -0.2315467E-01
   0.8052542     -0.2151212E-01
   0.8155803     -0.1988742E-01
   0.8258908     -0.1828307E-01
   0.8361856     -0.1670174E-01
   0.8464646     -0.1514632E-01
   0.8567263     -0.1361984E-01
   0.8669671     -0.1212564E-01
   0.8771771     -0.1066763E-01
   0.8873354     -0.9254871E-02
   0.8974252     -0.7900716E-02
   0.9074349     -0.6617817E-02
   0.9173413     -0.5419729E-02
   0.9271074     -0.4324500E-02
   0.9366792     -0.3350458E-02
   0.9459549     -0.2514836E-02
   0.9547581     -0.1834388E-02
   0.9628536     -0.1317183E-02
   0.9700115     -0.9558712E-03
   0.9760985     -0.7265026E-03
   0.9811772     -0.5932654E-03
   0.9854108     -0.5244967E-03
   0.9889381     -0.4977631E-03
   0.9918928     -0.4974365E-03
   0.9944037     -0.5131575E-03
   0.9965791     -0.5386641E-03
   0.9984982     -0.5703296E-03
    1.000000     -0.6010995E-03
