   1.000000      0.9114996E-03
   0.9986687      0.1388603E-02
   0.9969617      0.1978986E-02
   0.9950153      0.2623181E-02
   0.9927441      0.3336293E-02
   0.9900144      0.4139181E-02
   0.9866203      0.5056508E-02
   0.9823033      0.6109313E-02
   0.9768615      0.7312805E-02
   0.9702127      0.8669011E-02
   0.9624384      0.1011550E-01
   0.9538280      0.1157359E-01
   0.9446932      0.1299456E-01
   0.9352337      0.1436185E-01
   0.9255650      0.1567972E-01
   0.9157460      0.1696104E-01
   0.9058256      0.1821925E-01
   0.8958368      0.1946278E-01
   0.8858113      0.2069724E-01
   0.8757711      0.2192183E-01
   0.8657225      0.2313649E-01
   0.8556691      0.2434163E-01
   0.8456162      0.2553698E-01
   0.8355677      0.2672088E-01
   0.8255242      0.2789176E-01
   0.8154855      0.2904823E-01
   0.8054508      0.3018899E-01
   0.7954167      0.3131338E-01
   0.7853808      0.3242184E-01
   0.7753435      0.3351466E-01
   0.7653066      0.3459213E-01
   0.7552810      0.3565237E-01
   0.7452718      0.3669027E-01
   0.7352772      0.3770241E-01
   0.7252969      0.3868552E-01
   0.7153301      0.3963637E-01
   0.7053743      0.4055195E-01
   0.6954259      0.4143038E-01
   0.6854829      0.4227013E-01
   0.6755441      0.4306959E-01
   0.6656041      0.4382761E-01
   0.6556550      0.4454535E-01
   0.6456933      0.4522522E-01
   0.6357184      0.4586944E-01
   0.6257301      0.4648019E-01
   0.6157289      0.4705965E-01
   0.6057160      0.4760974E-01
   0.5956919      0.4813225E-01
   0.5856575      0.4862899E-01
   0.5756141      0.4910179E-01
   0.5655667      0.4955180E-01
   0.5555193      0.4997856E-01
   0.5454730      0.5038153E-01
   0.5354285      0.5076017E-01
   0.5253868      0.5111391E-01
   0.5153489      0.5144183E-01
   0.5053153      0.5174293E-01
   0.4952860      0.5201620E-01
   0.4852611      0.5226068E-01
   0.4752407      0.5247536E-01
   0.4652248      0.5265929E-01
   0.4552132      0.5281149E-01
   0.4452057      0.5293099E-01
   0.4352008      0.5301697E-01
   0.4251969      0.5306916E-01
   0.4151937      0.5308749E-01
   0.4051912      0.5307186E-01
   0.3951893      0.5302217E-01
   0.3851881      0.5293832E-01
   0.3751875      0.5282021E-01
   0.3651875      0.5266777E-01
   0.3551870      0.5248073E-01
   0.3451828      0.5225974E-01
   0.3351756      0.5200620E-01
   0.3251688      0.5172050E-01
   0.3151632      0.5140246E-01
   0.3051590      0.5105200E-01
   0.2951565      0.5066904E-01
   0.2851561      0.5025348E-01
   0.2751581      0.4980526E-01
   0.2651637      0.4932435E-01
   0.2551762      0.4881071E-01
   0.2452014      0.4826265E-01
   0.2352380      0.4767772E-01
   0.2252864      0.4705438E-01
   0.2153465      0.4639088E-01
   0.2054188      0.4568557E-01
   0.1955032      0.4493672E-01
   0.1856001      0.4414311E-01
   0.1757135      0.4330334E-01
   0.1658467      0.4241481E-01
   0.1560010      0.4147461E-01
   0.1461777      0.4047990E-01
   0.1363789      0.3942798E-01
   0.1266088      0.3831647E-01
   0.1168796      0.3714312E-01
   0.1072064      0.3590195E-01
   0.9759761E-01  0.3458531E-01
   0.8806702E-01  0.3318742E-01
   0.7865153E-01  0.3170373E-01
   0.6939733E-01  0.3012262E-01
   0.6035099E-01  0.2843484E-01
   0.5161632E-01  0.2664448E-01
   0.4335788E-01  0.2476251E-01
   0.3576528E-01  0.2281428E-01
   0.2903678E-01  0.2085524E-01
   0.2329325E-01  0.1893895E-01
   0.1855713E-01  0.1710075E-01
   0.1471281E-01  0.1538667E-01
   0.1155407E-01  0.1380036E-01
   0.8917803E-02  0.1229386E-01
   0.6744397E-02  0.1080709E-01
   0.4986758E-02  0.9344194E-02
   0.3572095E-02  0.7924203E-02
   0.2445936E-02  0.6574985E-02
   0.1570494E-02  0.5311567E-02
   0.9078041E-03  0.4125076E-02
   0.4310943E-03  0.3001941E-02
   0.1249069E-03  0.1929159E-02
  -0.1625267E-04  0.8949232E-03
   0.1198839E-04 -0.1119834E-03
   0.2171694E-03 -0.1104064E-02
   0.5952684E-03 -0.2095771E-02
   0.1149342E-02 -0.3100580E-02
   0.1893579E-02 -0.4132005E-02
   0.2855409E-02 -0.5204800E-02
   0.4079576E-02 -0.6334938E-02
   0.5628957E-02 -0.7533639E-02
   0.7567378E-02 -0.8784932E-02
   0.9994933E-02 -0.1006006E-01
   0.1299337E-01 -0.1133409E-01
   0.1659166E-01 -0.1265642E-01
   0.2095760E-01 -0.1413497E-01
   0.2637753E-01 -0.1578086E-01
   0.3298427E-01 -0.1753702E-01
   0.4064037E-01 -0.1937031E-01
   0.4908861E-01 -0.2122307E-01
   0.5805982E-01 -0.2304364E-01
   0.6734040E-01 -0.2480811E-01
   0.7679904E-01 -0.2650422E-01
   0.8637839E-01 -0.2813357E-01
   0.9603286E-01 -0.2970028E-01
   0.1057349     -0.3120503E-01
   0.1154745     -0.3265033E-01
   0.1252444     -0.3403957E-01
   0.1350344     -0.3537434E-01
   0.1448393     -0.3665488E-01
   0.1546576     -0.3788201E-01
   0.1644879     -0.3905655E-01
   0.1743295     -0.4017947E-01
   0.1841799     -0.4125150E-01
   0.1940363     -0.4227252E-01
   0.2038979     -0.4324223E-01
   0.2137646     -0.4416061E-01
   0.2236359     -0.4502765E-01
   0.2335118     -0.4584332E-01
   0.2433921     -0.4660763E-01
   0.2532770     -0.4732066E-01
   0.2631668     -0.4798267E-01
   0.2730613     -0.4859391E-01
   0.2829602     -0.4915466E-01
   0.2928634     -0.4966516E-01
   0.3027706     -0.5012569E-01
   0.3126815     -0.5053651E-01
   0.3225959     -0.5089791E-01
   0.3325136     -0.5121016E-01
   0.3424343     -0.5147355E-01
   0.3523576     -0.5168836E-01
   0.3622834     -0.5185489E-01
   0.3722108     -0.5197343E-01
   0.3821386     -0.5204404E-01
   0.3920663     -0.5206661E-01
   0.4019936     -0.5204105E-01
   0.4119199     -0.5196728E-01
   0.4218448     -0.5184518E-01
   0.4317673     -0.5167464E-01
   0.4416854     -0.5145518E-01
   0.4515995     -0.5118578E-01
   0.4615112     -0.5086626E-01
   0.4714204     -0.5049654E-01
   0.4813267     -0.5007653E-01
   0.4912300     -0.4960616E-01
   0.5011286     -0.4908533E-01
   0.5110226     -0.4851313E-01
   0.5209145     -0.4788948E-01
   0.5308047     -0.4721475E-01
   0.5406932     -0.4648932E-01
   0.5505798     -0.4571356E-01
   0.5604646     -0.4488787E-01
   0.5703472     -0.4401266E-01
   0.5802275     -0.4308833E-01
   0.5901053     -0.4211528E-01
   0.5999805     -0.4109392E-01
   0.6098533     -0.4002463E-01
   0.6197238     -0.3890779E-01
   0.6295940     -0.3774360E-01
   0.6394674     -0.3653301E-01
   0.6493456     -0.3527782E-01
   0.6592293     -0.3397999E-01
   0.6691192     -0.3264145E-01
   0.6790167     -0.3126412E-01
   0.6889258     -0.2984951E-01
   0.6988540     -0.2840084E-01
   0.7088027     -0.2692302E-01
   0.7187729     -0.2542076E-01
   0.7287648     -0.2389898E-01
   0.7387774     -0.2236294E-01
   0.7488053     -0.2081846E-01
   0.7588379     -0.1927380E-01
   0.7688653     -0.1773479E-01
   0.7788842     -0.1620425E-01
   0.7888938     -0.1468459E-01
   0.7988938     -0.1317811E-01
   0.8088848     -0.1168706E-01
   0.8188663     -0.1021299E-01
   0.8288314     -0.8759443E-02
   0.8387749     -0.7331620E-02
   0.8486899     -0.5934874E-02
   0.8585618     -0.4578751E-02
   0.8683830     -0.3274879E-02
   0.8781456     -0.2034020E-02
   0.8878278     -0.8717727E-03
   0.8974138      0.1905944E-03
   0.9069068      0.1134233E-02
   0.9163061      0.1944392E-02
   0.9255935      0.2602922E-02
   0.9347565      0.3091626E-02
   0.9437644      0.3398269E-02
   0.9525182      0.3510620E-02
   0.9608645      0.3421478E-02
   0.9685654      0.3146347E-02
   0.9753183      0.2728723E-02
   0.9809765      0.2236869E-02
   0.9856095      0.1720698E-02
   0.9893312      0.1205937E-02
   0.9923173      0.7128275E-03
   0.9947651      0.2513544E-03
   0.9968307     -0.1786593E-03
   0.9986189     -0.5812076E-03
    1.000000     -0.9114996E-03
