    1.000000      0.2050196E-02
   0.9986603      0.2428286E-02
   0.9968736      0.2917517E-02
   0.9947087      0.3487442E-02
   0.9919415      0.4179802E-02
   0.9881530      0.5063093E-02
   0.9828387      0.6200441E-02
   0.9760209      0.7563074E-02
   0.9679313      0.9089893E-02
   0.9590828      0.1065953E-01
   0.9499415      0.1219359E-01
   0.9406527      0.1367600E-01
   0.9312812      0.1511022E-01
   0.9218608      0.1650175E-01
   0.9124066      0.1785449E-01
   0.9029210      0.1917418E-01
   0.8934065      0.2046678E-01
   0.8838644      0.2173843E-01
   0.8742981      0.2299530E-01
   0.8647188      0.2424089E-01
   0.8551378      0.2547440E-01
   0.8455567      0.2669488E-01
   0.8359761      0.2790167E-01
   0.8263965      0.2909404E-01
   0.8168183      0.3027147E-01
   0.8072465      0.3143196E-01
   0.7976826      0.3257245E-01
   0.7881239      0.3369080E-01
   0.7785700      0.3478531E-01
   0.7690206      0.3585411E-01
   0.7594754      0.3689540E-01
   0.7499345      0.3790728E-01
   0.7403966      0.3888792E-01
   0.7308577      0.3983658E-01
   0.7213163      0.4075338E-01
   0.7117725      0.4163820E-01
   0.7022263      0.4249092E-01
   0.6926777      0.4331144E-01
   0.6831269      0.4409962E-01
   0.6735738      0.4485536E-01
   0.6640187      0.4557853E-01
   0.6544617      0.4626901E-01
   0.6449028      0.4692668E-01
   0.6353421      0.4755141E-01
   0.6257800      0.4814310E-01
   0.6162170      0.4870144E-01
   0.6066526      0.4922619E-01
   0.5970866      0.4971732E-01
   0.5875190      0.5017483E-01
   0.5779499      0.5059869E-01
   0.5683794      0.5098888E-01
   0.5588076      0.5134541E-01
   0.5492347      0.5166825E-01
   0.5396607      0.5195739E-01
   0.5300857      0.5221282E-01
   0.5205099      0.5243454E-01
   0.5109332      0.5262255E-01
   0.5013555      0.5277682E-01
   0.4917741      0.5289769E-01
   0.4821894      0.5298646E-01
   0.4726034      0.5304343E-01
   0.4630163      0.5306882E-01
   0.4534282      0.5306285E-01
   0.4438394      0.5302571E-01
   0.4342499      0.5295762E-01
   0.4246598      0.5285880E-01
   0.4150692      0.5272945E-01
   0.4054782      0.5256979E-01
   0.3958869      0.5238004E-01
   0.3862955      0.5216042E-01
   0.3767039      0.5191114E-01
   0.3671126      0.5163243E-01
   0.3575226      0.5132436E-01
   0.3479343      0.5098677E-01
   0.3383479      0.5061943E-01
   0.3287637      0.5022211E-01
   0.3191816      0.4979460E-01
   0.3096019      0.4933668E-01
   0.3000245      0.4884813E-01
   0.2904497      0.4832872E-01
   0.2808775      0.4777826E-01
   0.2713080      0.4719652E-01
   0.2617413      0.4658328E-01
   0.2521777      0.4593836E-01
   0.2426171      0.4526152E-01
   0.2330604      0.4455267E-01
   0.2235089      0.4381132E-01
   0.2139629      0.4303672E-01
   0.2044227      0.4222814E-01
   0.1948887      0.4138489E-01
   0.1853611      0.4050617E-01
   0.1758407      0.3959167E-01
   0.1663339      0.3864045E-01
   0.1568452      0.3764963E-01
   0.1473755      0.3661558E-01
   0.1379257      0.3553486E-01
   0.1284971      0.3440401E-01
   0.1190914      0.3321981E-01
   0.1097163      0.3197881E-01
   0.1003782      0.3067525E-01
   0.9108005E-01  0.2930281E-01
   0.8182975E-01  0.2785611E-01
   0.7265200E-01  0.2632930E-01
   0.6356692E-01  0.2470999E-01
   0.5460263E-01  0.2298891E-01
   0.4584500E-01  0.2116200E-01
   0.3741563E-01  0.1922315E-01
   0.2953638E-01  0.1720929E-01
   0.2262643E-01  0.1516801E-01
   0.1698564E-01  0.1323599E-01
   0.1236639E-01  0.1151047E-01
   0.8662262E-02  0.9834721E-02
   0.6020817E-02  0.8238335E-02
   0.4146823E-02  0.6798206E-02
   0.2785090E-02  0.5522013E-02
   0.1778180E-02  0.4371925E-02
   0.1035001E-02  0.3310628E-02
   0.5064858E-03  0.2311753E-02
   0.1677658E-03  0.1355983E-02
   0.1034240E-04  0.4276382E-03
   0.3909094E-04 -0.4879896E-03
   0.2543988E-03 -0.1406960E-02
   0.6538083E-03 -0.2345623E-02
   0.1249026E-02 -0.3321413E-02
   0.2069722E-02 -0.4356093E-02
   0.3173644E-02 -0.5480575E-02
   0.4669662E-02 -0.6742229E-02
   0.6747003E-02 -0.8199611E-02
   0.9693361E-02 -0.9858088E-02
   0.1364274E-01 -0.1155831E-01
   0.1829851E-01 -0.1321267E-01
   0.2402309E-01 -0.1498046E-01
   0.3110093E-01 -0.1680609E-01
   0.3902906E-01 -0.1853842E-01
   0.4751865E-01 -0.2016517E-01
   0.5636547E-01 -0.2167726E-01
   0.6542557E-01 -0.2308629E-01
   0.7461474E-01 -0.2440346E-01
   0.8390117E-01 -0.2564095E-01
   0.9325677E-01 -0.2681318E-01
   0.1026504     -0.2792468E-01
   0.1120747     -0.2897955E-01
   0.1215267     -0.2998291E-01
   0.1309982     -0.3093906E-01
   0.1404797     -0.3184878E-01
   0.1499697     -0.3271270E-01
   0.1594672     -0.3353156E-01
   0.1689720     -0.3430616E-01
   0.1784835     -0.3503729E-01
   0.1880016     -0.3572577E-01
   0.1975261     -0.3637241E-01
   0.2070566     -0.3697802E-01
   0.2165929     -0.3754341E-01
   0.2261348     -0.3806941E-01
   0.2356819     -0.3855681E-01
   0.2452339     -0.3900645E-01
   0.2547890     -0.3941888E-01
   0.2643457     -0.3979412E-01
   0.2739036     -0.4013206E-01
   0.2834626     -0.4043265E-01
   0.2930224     -0.4069580E-01
   0.3025829     -0.4092145E-01
   0.3121440     -0.4110954E-01
   0.3217055     -0.4125999E-01
   0.3312673     -0.4137276E-01
   0.3408292     -0.4144777E-01
   0.3503912     -0.4148498E-01
   0.3599530     -0.4148433E-01
   0.3695144     -0.4144577E-01
   0.3790754     -0.4136919E-01
   0.3886363     -0.4125455E-01
   0.3981974     -0.4110205E-01
   0.4077586     -0.4091187E-01
   0.4173197     -0.4068422E-01
   0.4268807     -0.4041929E-01
   0.4364414     -0.4011727E-01
   0.4460016     -0.3977839E-01
   0.4555613     -0.3940283E-01
   0.4651203     -0.3899081E-01
   0.4746784     -0.3854253E-01
   0.4842356     -0.3805822E-01
   0.4937916     -0.3753808E-01
   0.5033455     -0.3698221E-01
   0.5128986     -0.3639041E-01
   0.5224525     -0.3576332E-01
   0.5320072     -0.3510178E-01
   0.5415628     -0.3440659E-01
   0.5511192     -0.3367858E-01
   0.5606764     -0.3291855E-01
   0.5702343     -0.3212733E-01
   0.5797929     -0.3130573E-01
   0.5893521     -0.3045455E-01
   0.5989119     -0.2957460E-01
   0.6084725     -0.2866669E-01
   0.6180340     -0.2773156E-01
   0.6275980     -0.2677004E-01
   0.6371664     -0.2578359E-01
   0.6467389     -0.2477409E-01
   0.6563155     -0.2374307E-01
   0.6658964     -0.2269217E-01
   0.6754820     -0.2162299E-01
   0.6850726     -0.2053710E-01
   0.6946702     -0.1943615E-01
   0.7042770     -0.1832253E-01
   0.7138933     -0.1719903E-01
   0.7235191     -0.1606852E-01
   0.7331530     -0.1493405E-01
   0.7427866     -0.1379947E-01
   0.7524112     -0.1266880E-01
   0.7620230     -0.1154609E-01
   0.7716214     -0.1043535E-01
   0.7812066     -0.9340393E-02
   0.7907792     -0.8264998E-02
   0.8003392     -0.7212924E-02
   0.8098874     -0.6187856E-02
   0.8194223     -0.5193446E-02
   0.8289399     -0.4234808E-02
   0.8384389     -0.3317788E-02
   0.8479196     -0.2448038E-02
   0.8573820     -0.1631119E-02
   0.8668259     -0.8725516E-03
   0.8762488     -0.1778262E-03
   0.8856428      0.4453004E-03
   0.8950052      0.9878270E-03
   0.9043354      0.1440987E-02
   0.9136329      0.1796291E-02
   0.9228965      0.2045425E-02
   0.9321231      0.2180365E-02
   0.9413028      0.2193405E-02
   0.9504019      0.2075376E-02
   0.9593545      0.1815511E-02
   0.9680118      0.1414127E-02
   0.9759339      0.8967170E-03
   0.9826552      0.3397418E-03
   0.9879515     -0.2024760E-03
   0.9917808     -0.6870648E-03
   0.9945979     -0.1104052E-02
   0.9968068     -0.1467550E-02
   0.9986314     -0.1792170E-02
    1.000000     -0.2050196E-02
