    1.000000      0.1456329E-02
   0.9987095      0.2055323E-02
   0.9970419      0.2800501E-02
   0.9951224      0.3618643E-02
   0.9928606      0.4529531E-02
   0.9901221      0.5557314E-02
   0.9867307      0.6725852E-02
   0.9825055      0.8057022E-02
   0.9772996      0.9568976E-02
   0.9709913      0.1125479E-01
   0.9636270      0.1304641E-01
   0.9554495      0.1485153E-01
   0.9467114      0.1660216E-01
   0.9375867      0.1827233E-01
   0.9281987      0.1985941E-01
   0.9186145      0.2137105E-01
   0.9088661      0.2282452E-01
   0.8989910      0.2423698E-01
   0.8890245      0.2561898E-01
   0.8789841      0.2698049E-01
   0.8688924      0.2833112E-01
   0.8587853      0.2967142E-01
   0.8486783      0.3099737E-01
   0.8385759      0.3230669E-01
   0.8284810      0.3359714E-01
   0.8183958      0.3486701E-01
   0.8083291      0.3611215E-01
   0.7982822      0.3732684E-01
   0.7882486      0.3850792E-01
   0.7782263      0.3965320E-01
   0.7682143      0.4076011E-01
   0.7582114      0.4182621E-01
   0.7482149      0.4284920E-01
   0.7382196      0.4382827E-01
   0.7282244      0.4476316E-01
   0.7182289      0.4565322E-01
   0.7082329      0.4649784E-01
   0.6982360      0.4729643E-01
   0.6882372      0.4804836E-01
   0.6782326      0.4875375E-01
   0.6682191      0.4941385E-01
   0.6581960      0.5003007E-01
   0.6481632      0.5060368E-01
   0.6381206      0.5113600E-01
   0.6280678      0.5162823E-01
   0.6180028      0.5208209E-01
   0.6079253      0.5249985E-01
   0.5978365      0.5288334E-01
   0.5877370      0.5323419E-01
   0.5776270      0.5355411E-01
   0.5675072      0.5384479E-01
   0.5573788      0.5410793E-01
   0.5472447      0.5434471E-01
   0.5371069      0.5455557E-01
   0.5269660      0.5474090E-01
   0.5168224      0.5490109E-01
   0.5066765      0.5503653E-01
   0.4965285      0.5514766E-01
   0.4863800      0.5523478E-01
   0.4762329      0.5529769E-01
   0.4660879      0.5533589E-01
   0.4559454      0.5534891E-01
   0.4458053      0.5533627E-01
   0.4356680      0.5529751E-01
   0.4255334      0.5523215E-01
   0.4154016      0.5513973E-01
   0.4052727      0.5501977E-01
   0.3951467      0.5487181E-01
   0.3850239      0.5469537E-01
   0.3749042      0.5448999E-01
   0.3647878      0.5425520E-01
   0.3546747      0.5399054E-01
   0.3445651      0.5369552E-01
   0.3344590      0.5336970E-01
   0.3243566      0.5301261E-01
   0.3142580      0.5262377E-01
   0.3041634      0.5220274E-01
   0.2940727      0.5174904E-01
   0.2839863      0.5126221E-01
   0.2739042      0.5074180E-01
   0.2638268      0.5018737E-01
   0.2537545      0.4959845E-01
   0.2436885      0.4897472E-01
   0.2336318      0.4831548E-01
   0.2235869      0.4761922E-01
   0.2135547      0.4688414E-01
   0.2035356      0.4610848E-01
   0.1935304      0.4529051E-01
   0.1835396      0.4442848E-01
   0.1735650      0.4352099E-01
   0.1636116      0.4256613E-01
   0.1536832      0.4156075E-01
   0.1437813      0.4050135E-01
   0.1339082      0.3938463E-01
   0.1240671      0.3820742E-01
   0.1142663      0.3696756E-01
   0.1045255      0.3566127E-01
   0.9486116E-01  0.3428073E-01
   0.8528840E-01  0.3281862E-01
   0.7584402E-01  0.3127099E-01
   0.6659369E-01  0.2963068E-01
   0.5760026E-01  0.2788938E-01
   0.4898905E-01  0.2605656E-01
   0.4094738E-01  0.2415485E-01
   0.3367306E-01  0.2222308E-01
   0.2733948E-01  0.2032361E-01
   0.2201710E-01  0.1848918E-01
   0.1763951E-01  0.1674780E-01
   0.1404307E-01  0.1513435E-01
   0.1104804E-01  0.1364526E-01
   0.8545465E-02  0.1221483E-01
   0.6489942E-02  0.1079475E-01
   0.4821841E-02  0.9387675E-02
   0.3469055E-02  0.8007641E-02
   0.2386184E-02  0.6684266E-02
   0.1538141E-02  0.5432378E-02
   0.8918235E-03  0.4246600E-02
   0.4241237E-03  0.3116771E-02
   0.1217575E-03  0.2032397E-02
  -0.1971720E-04  0.9834762E-03
   0.4207267E-05 -0.3982102E-04
   0.2020782E-03 -0.1048672E-02
   0.5706682E-03 -0.2056626E-02
   0.1112128E-02 -0.3076393E-02
   0.1838734E-02 -0.4120409E-02
   0.2774292E-02 -0.5201703E-02
   0.3956751E-02 -0.6333447E-02
   0.5437410E-02 -0.7523273E-02
   0.7263498E-02 -0.8753693E-02
   0.9507599E-02 -0.9995043E-02
   0.1224047E-01 -0.1122167E-01
   0.1549195E-01 -0.1245258E-01
   0.1936974E-01 -0.1377607E-01
   0.2410748E-01 -0.1521505E-01
   0.2990783E-01 -0.1673042E-01
   0.3678211E-01 -0.1828052E-01
   0.4460264E-01 -0.1983848E-01
   0.5314963E-01 -0.2135356E-01
   0.6219001E-01 -0.2279876E-01
   0.7153644E-01 -0.2416222E-01
   0.8107796E-01 -0.2544080E-01
   0.9075651E-01 -0.2664369E-01
   0.1005175     -0.2777556E-01
   0.1103362     -0.2883945E-01
   0.1202021     -0.2984041E-01
   0.1301034     -0.3078328E-01
   0.1400295     -0.3167033E-01
   0.1499769     -0.3250363E-01
   0.1599436     -0.3328555E-01
   0.1699284     -0.3401851E-01
   0.1799295     -0.3470503E-01
   0.1899429     -0.3534694E-01
   0.1999655     -0.3594502E-01
   0.2099970     -0.3650021E-01
   0.2200369     -0.3701355E-01
   0.2300849     -0.3748609E-01
   0.2401409     -0.3791884E-01
   0.2502055     -0.3831306E-01
   0.2602772     -0.3867031E-01
   0.2703525     -0.3899101E-01
   0.2804305     -0.3927528E-01
   0.2905109     -0.3952330E-01
   0.3005933     -0.3973527E-01
   0.3106776     -0.3991140E-01
   0.3207636     -0.4005190E-01
   0.3308512     -0.4015696E-01
   0.3409403     -0.4022680E-01
   0.3510305     -0.4026164E-01
   0.3611214     -0.4026168E-01
   0.3712118     -0.4022719E-01
   0.3812990     -0.4015771E-01
   0.3913831     -0.4005242E-01
   0.4014648     -0.3991093E-01
   0.4115438     -0.3973293E-01
   0.4216203     -0.3951809E-01
   0.4316941     -0.3926608E-01
   0.4417650     -0.3897658E-01
   0.4518329     -0.3864926E-01
   0.4618977     -0.3828381E-01
   0.4719592     -0.3787992E-01
   0.4820173     -0.3743727E-01
   0.4920719     -0.3695556E-01
   0.5021229     -0.3643446E-01
   0.5121703     -0.3587370E-01
   0.5222142     -0.3527307E-01
   0.5322544     -0.3463238E-01
   0.5422906     -0.3395141E-01
   0.5523228     -0.3322996E-01
   0.5623507     -0.3246779E-01
   0.5723745     -0.3166457E-01
   0.5823950     -0.3082025E-01
   0.5924124     -0.2993488E-01
   0.6024266     -0.2900855E-01
   0.6124377     -0.2804133E-01
   0.6224461     -0.2703330E-01
   0.6324534     -0.2598426E-01
   0.6424636     -0.2489475E-01
   0.6524786     -0.2376631E-01
   0.6624992     -0.2260065E-01
   0.6725261     -0.2139947E-01
   0.6825602     -0.2016445E-01
   0.6926046     -0.1889709E-01
   0.7026643     -0.1759986E-01
   0.7127419     -0.1627647E-01
   0.7228385     -0.1493090E-01
   0.7329545     -0.1356726E-01
   0.7430897     -0.1218983E-01
   0.7532404     -0.1080326E-01
   0.7633997     -0.9412405E-02
   0.7735507     -0.8024559E-02
   0.7836812     -0.6646634E-02
   0.7937876     -0.5284246E-02
   0.8038681     -0.3942700E-02
   0.8139186     -0.2627643E-02
   0.8239312     -0.1346917E-02
   0.8339033     -0.1093408E-03
   0.8438331      0.1077509E-02
   0.8537076      0.2203791E-02
   0.8635134      0.3255292E-02
   0.8732482      0.4217481E-02
   0.8829118      0.5078700E-02
   0.8924859      0.5824962E-02
   0.9019598      0.6437550E-02
   0.9113312      0.6900273E-02
   0.9205921      0.7198021E-02
   0.9297299      0.7317448E-02
   0.9387047      0.7248490E-02
   0.9474385      0.6978772E-02
   0.9558264      0.6501309E-02
   0.9637082      0.5833067E-02
   0.9708457      0.5022304E-02
   0.9770177      0.4142727E-02
   0.9821710      0.3269269E-02
   0.9863998      0.2435502E-02
   0.9898306      0.1649123E-02
   0.9926266      0.9159508E-03
   0.9949513      0.2377419E-03
   0.9969331     -0.3906609E-03
   0.9986604     -0.9767621E-03
    1.000000     -0.1456329E-02
