    1.000000      0.1781045E-02
   0.9986722      0.2241918E-02
   0.9969276      0.2828230E-02
   0.9948659      0.3493237E-02
   0.9923370      0.4268221E-02
   0.9890898      0.5198568E-02
   0.9847893      0.6333379E-02
   0.9792143      0.7696230E-02
   0.9723187      0.9282562E-02
   0.9642600      0.1101402E-01
   0.9555056      0.1277055E-01
   0.9463940      0.1448474E-01
   0.9370816      0.1613697E-01
   0.9276502      0.1772857E-01
   0.9181466      0.1926247E-01
   0.9085865      0.2074371E-01
   0.8989753      0.2218007E-01
   0.8893169      0.2357969E-01
   0.8796145      0.2495133E-01
   0.8698798      0.2630204E-01
   0.8601322      0.2763334E-01
   0.8503797      0.2894384E-01
   0.8406239      0.3023330E-01
   0.8308664      0.3150133E-01
   0.8211075      0.3274783E-01
   0.8113539      0.3397168E-01
   0.8016118      0.3516873E-01
   0.7918776      0.3633575E-01
   0.7821484      0.3747140E-01
   0.7724241      0.3857383E-01
   0.7627043      0.3964133E-01
   0.7529890      0.4067209E-01
   0.7432772      0.4166421E-01
   0.7335650      0.4261667E-01
   0.7238493      0.4352972E-01
   0.7141301      0.4440350E-01
   0.7044072      0.4523810E-01
   0.6946806      0.4603358E-01
   0.6849505      0.4679002E-01
   0.6752171      0.4750749E-01
   0.6654804      0.4818607E-01
   0.6557407      0.4882585E-01
   0.6459979      0.4942689E-01
   0.6362522      0.4998931E-01
   0.6265028      0.5051314E-01
   0.6167473      0.5099917E-01
   0.6069857      0.5144863E-01
   0.5972195      0.5186222E-01
   0.5874490      0.5224048E-01
   0.5776744      0.5258400E-01
   0.5678958      0.5289335E-01
   0.5581134      0.5316914E-01
   0.5483274      0.5341196E-01
   0.5385377      0.5362240E-01
   0.5287446      0.5380106E-01
   0.5189481      0.5394854E-01
   0.5091480      0.5406545E-01
   0.4993442      0.5415237E-01
   0.4895340      0.5421045E-01
   0.4797204      0.5424123E-01
   0.4699057      0.5424484E-01
   0.4600900      0.5422143E-01
   0.4502737      0.5417114E-01
   0.4404570      0.5409410E-01
   0.4306399      0.5399044E-01
   0.4208225      0.5386029E-01
   0.4110049      0.5370378E-01
   0.4011873      0.5352103E-01
   0.3913696      0.5331218E-01
   0.3815523      0.5307733E-01
   0.3717358      0.5281665E-01
   0.3619222      0.5252998E-01
   0.3521122      0.5221656E-01
   0.3423054      0.5187585E-01
   0.3325021      0.5150735E-01
   0.3227023      0.5111054E-01
   0.3129061      0.5068491E-01
   0.3031137      0.5022995E-01
   0.2933251      0.4974514E-01
   0.2835404      0.4922998E-01
   0.2737599      0.4868395E-01
   0.2639836      0.4810654E-01
   0.2542116      0.4749726E-01
   0.2444441      0.4685556E-01
   0.2346814      0.4618114E-01
   0.2249253      0.4547340E-01
   0.2151768      0.4473130E-01
   0.2054361      0.4395376E-01
   0.1957037      0.4313975E-01
   0.1859802      0.4228812E-01
   0.1762660      0.4139824E-01
   0.1665687      0.4046929E-01
   0.1568950      0.3949803E-01
   0.1472470      0.3848001E-01
   0.1376262      0.3741095E-01
   0.1280343      0.3628665E-01
   0.1184742      0.3510324E-01
   0.1089570      0.3385655E-01
   0.9949037E-01  0.3253937E-01
   0.9007917E-01  0.3114449E-01
   0.8073623E-01  0.2966631E-01
   0.7149636E-01  0.2809907E-01
   0.6239228E-01  0.2643030E-01
   0.5347424E-01  0.2465427E-01
   0.4486862E-01  0.2277645E-01
   0.3674792E-01  0.2080769E-01
   0.2936283E-01  0.1880544E-01
   0.2302477E-01  0.1683165E-01
   0.1784337E-01  0.1495140E-01
   0.1365053E-01  0.1325926E-01
   0.1021848E-01  0.1171950E-01
   0.7498896E-02  0.1020878E-01
   0.5420964E-02  0.8737509E-02
   0.3825645E-02  0.7337333E-02
   0.2603559E-02  0.6039589E-02
   0.1673106E-02  0.4840402E-02
   0.9754897E-03  0.3720000E-02
   0.4751075E-03  0.2660092E-02
   0.1528210E-03  0.1645510E-02
   0.2035786E-05  0.6632135E-03
   0.2766005E-04 -0.2991346E-03
   0.2343399E-03 -0.1255552E-02
   0.6182979E-03 -0.2221321E-02
   0.1186329E-02 -0.3211520E-02
   0.1958837E-02 -0.4243009E-02
   0.2974563E-02 -0.5336770E-02
   0.4299954E-02 -0.6519854E-02
   0.6035736E-02 -0.7818817E-02
   0.8301639E-02 -0.9224244E-02
   0.1125085E-01 -0.1068420E-01
   0.1487868E-01 -0.1212632E-01
   0.1921633E-01 -0.1363255E-01
   0.2461012E-01 -0.1527373E-01
   0.3125416E-01 -0.1698334E-01
   0.3887778E-01 -0.1866629E-01
   0.4722303E-01 -0.2028938E-01
   0.5604342E-01 -0.2182080E-01
   0.6515217E-01 -0.2325697E-01
   0.7443254E-01 -0.2460071E-01
   0.8383393E-01 -0.2585986E-01
   0.9331942E-01 -0.2704672E-01
   0.1028540     -0.2816520E-01
   0.1124276     -0.2921925E-01
   0.1220338     -0.3021398E-01
   0.1316634     -0.3115303E-01
   0.1413098     -0.3203804E-01
   0.1509716     -0.3287087E-01
   0.1606476     -0.3365349E-01
   0.1703372     -0.3438788E-01
   0.1800392     -0.3507612E-01
   0.1897510     -0.3571973E-01
   0.1994705     -0.3631958E-01
   0.2091975     -0.3687659E-01
   0.2189317     -0.3739178E-01
   0.2286729     -0.3786615E-01
   0.2384208     -0.3830067E-01
   0.2481759     -0.3869652E-01
   0.2579371     -0.3905505E-01
   0.2677009     -0.3937675E-01
   0.2774666     -0.3966155E-01
   0.2872336     -0.3990953E-01
   0.2970019     -0.4012075E-01
   0.3067713     -0.4029528E-01
   0.3165417     -0.4043318E-01
   0.3263128     -0.4053453E-01
   0.3360846     -0.4059941E-01
   0.3458569     -0.4062789E-01
   0.3556296     -0.4062005E-01
   0.3654024     -0.4057599E-01
   0.3751743     -0.4049572E-01
   0.3849451     -0.4037896E-01
   0.3947148     -0.4022555E-01
   0.4044837     -0.4003545E-01
   0.4142515     -0.3980860E-01
   0.4240181     -0.3954495E-01
   0.4337835     -0.3924447E-01
   0.4435474     -0.3890710E-01
   0.4533097     -0.3853281E-01
   0.4630704     -0.3812155E-01
   0.4728292     -0.3767330E-01
   0.4825859     -0.3718801E-01
   0.4923404     -0.3666567E-01
   0.5020916     -0.3610616E-01
   0.5118404     -0.3550895E-01
   0.5215886     -0.3487426E-01
   0.5313361     -0.3420255E-01
   0.5410832     -0.3349427E-01
   0.5508297     -0.3274988E-01
   0.5605756     -0.3196984E-01
   0.5703207     -0.3115462E-01
   0.5800651     -0.3030467E-01
   0.5898086     -0.2942048E-01
   0.5995512     -0.2850248E-01
   0.6092931     -0.2755115E-01
   0.6190348     -0.2656685E-01
   0.6287786     -0.2555003E-01
   0.6385277     -0.2450205E-01
   0.6482827     -0.2342494E-01
   0.6580440     -0.2232065E-01
   0.6678121     -0.2119118E-01
   0.6775874     -0.2003851E-01
   0.6873713     -0.1886451E-01
   0.6971677     -0.1767153E-01
   0.7069785     -0.1646300E-01
   0.7168040     -0.1524271E-01
   0.7266433     -0.1401458E-01
   0.7364908     -0.1278320E-01
   0.7463315     -0.1155431E-01
   0.7561580     -0.1033276E-01
   0.7659682     -0.9122943E-02
   0.7757619     -0.7929091E-02
   0.7855391     -0.6755297E-02
   0.7953004     -0.5605585E-02
   0.8050454     -0.4484080E-02
   0.8147743     -0.3394487E-02
   0.8244799     -0.2342139E-02
   0.8341570     -0.1334525E-02
   0.8438051     -0.3791571E-03
   0.8534241      0.5168023E-03
   0.8630133      0.1346227E-02
   0.8725707      0.2102223E-02
   0.8820851      0.2776062E-02
   0.8915474      0.3355592E-02
   0.9009561      0.3828760E-02
   0.9103104      0.4184232E-02
   0.9196086      0.4411220E-02
   0.9288464      0.4499541E-02
   0.9380087      0.4440219E-02
   0.9470554      0.4223494E-02
   0.9559103      0.3840354E-02
   0.9644216      0.3296745E-02
   0.9722660      0.2625453E-02
   0.9790178      0.1900668E-02
   0.9845342      0.1196895E-02
   0.9888483      0.5433177E-03
   0.9921453     -0.4213762E-04
   0.9947300     -0.5602919E-03
   0.9968437     -0.1023251E-02
   0.9986352     -0.1443546E-02
    1.000000     -0.1781045E-02
