    1.000000      0.2474592E-02
   0.9986526      0.2588387E-02
   0.9968285      0.2739608E-02
   0.9945556      0.2923443E-02
   0.9914915      0.3163249E-02
   0.9868840      0.3506952E-02
   0.9801184      0.3988102E-02
   0.9719716      0.4559722E-02
   0.9628403      0.5196182E-02
   0.9534529      0.5848739E-02
   0.9440000      0.6507382E-02
   0.9345400      0.7170750E-02
   0.9250833      0.7840721E-02
   0.9156295      0.8518599E-02
   0.9061795      0.9205147E-02
   0.8967330      0.9901272E-02
   0.8872900      0.1060790E-01
   0.8778487      0.1132595E-01
   0.8684028      0.1205534E-01
   0.8589511      0.1279380E-01
   0.8494946      0.1353967E-01
   0.8400326      0.1429129E-01
   0.8305656      0.1504696E-01
   0.8210936      0.1580496E-01
   0.8116206      0.1656329E-01
   0.8021521      0.1731981E-01
   0.7926887      0.1807278E-01
   0.7832306      0.1882048E-01
   0.7737776      0.1956126E-01
   0.7643294      0.2029345E-01
   0.7548852      0.2101548E-01
   0.7454420      0.2172661E-01
   0.7359991      0.2242666E-01
   0.7265565      0.2311531E-01
   0.7171141      0.2379226E-01
   0.7076718      0.2445720E-01
   0.6982298      0.2510985E-01
   0.6887879      0.2574988E-01
   0.6793463      0.2637701E-01
   0.6699048      0.2699092E-01
   0.6604634      0.2759131E-01
   0.6510224      0.2817788E-01
   0.6415818      0.2875032E-01
   0.6321433      0.2930810E-01
   0.6227090      0.2984959E-01
   0.6132768      0.3037369E-01
   0.6038467      0.3087960E-01
   0.5944186      0.3136646E-01
   0.5849924      0.3183341E-01
   0.5755681      0.3227960E-01
   0.5661458      0.3270420E-01
   0.5567255      0.3310634E-01
   0.5473071      0.3348519E-01
   0.5378907      0.3383990E-01
   0.5284763      0.3416963E-01
   0.5190640      0.3447355E-01
   0.5096532      0.3475082E-01
   0.5002423      0.3500097E-01
   0.4908303      0.3522413E-01
   0.4814171      0.3542051E-01
   0.4720027      0.3559028E-01
   0.4625873      0.3573362E-01
   0.4531709      0.3585070E-01
   0.4437536      0.3594171E-01
   0.4343355      0.3600680E-01
   0.4249167      0.3604616E-01
   0.4154972      0.3605994E-01
   0.4060771      0.3604831E-01
   0.3966564      0.3601142E-01
   0.3872341      0.3594954E-01
   0.3778100      0.3586339E-01
   0.3683850      0.3575337E-01
   0.3589591      0.3561980E-01
   0.3495326      0.3546299E-01
   0.3401053      0.3528325E-01
   0.3306774      0.3508091E-01
   0.3212489      0.3485628E-01
   0.3118198      0.3460968E-01
   0.3023902      0.3434143E-01
   0.2929601      0.3405184E-01
   0.2835296      0.3374126E-01
   0.2740987      0.3340994E-01
   0.2646663      0.3305848E-01
   0.2552364      0.3268734E-01
   0.2458112      0.3229556E-01
   0.2363911      0.3188193E-01
   0.2269762      0.3144522E-01
   0.2175666      0.3098425E-01
   0.2081626      0.3049781E-01
   0.1987642      0.2998470E-01
   0.1893715      0.2944372E-01
   0.1799848      0.2887370E-01
   0.1706040      0.2827343E-01
   0.1612296      0.2764180E-01
   0.1518610      0.2697736E-01
   0.1424954      0.2627986E-01
   0.1331400      0.2554903E-01
   0.1237993      0.2478210E-01
   0.1144742      0.2397555E-01
   0.1051655      0.2312599E-01
   0.9587449E-01  0.2223014E-01
   0.8660570E-01  0.2128499E-01
   0.7737695E-01  0.2028617E-01
   0.6820750E-01  0.1922306E-01
   0.5909567E-01  0.1808212E-01
   0.5007462E-01  0.1685898E-01
   0.4127281E-01  0.1554168E-01
   0.3277372E-01  0.1410255E-01
   0.2489040E-01  0.1258541E-01
   0.1835069E-01  0.1104983E-01
   0.1315839E-01  0.9595367E-02
   0.9113241E-02  0.8414439E-02
   0.6177723E-02  0.7227139E-02
   0.4137422E-02  0.5987878E-02
   0.2682036E-02  0.4782173E-02
   0.1636428E-02  0.3665257E-02
   0.8900564E-03  0.2627789E-02
   0.3834670E-03  0.1651809E-02
   0.8852791E-04  0.7214161E-03
  -0.1197813E-05 -0.1773938E-03
   0.1144247E-03 -0.1060739E-02
   0.4259236E-03 -0.1948941E-02
   0.9385974E-03 -0.2862483E-02
   0.1678088E-02 -0.3825945E-02
   0.2701242E-02 -0.4875423E-02
   0.4128363E-02 -0.6075114E-02
   0.6234517E-02 -0.7560002E-02
   0.9614711E-02 -0.9552716E-02
   0.1442950E-01 -0.1177477E-01
   0.1963296E-01 -0.1375128E-01
   0.2614630E-01 -0.1588914E-01
   0.3395598E-01 -0.1809305E-01
   0.4217782E-01 -0.2014450E-01
   0.5079856E-01 -0.2209589E-01
   0.5962379E-01 -0.2394117E-01
   0.6858575E-01 -0.2569863E-01
   0.7763306E-01 -0.2737779E-01
   0.8675402E-01 -0.2899261E-01
   0.9591975E-01 -0.3055186E-01
   0.1051121     -0.3205795E-01
   0.1143284     -0.3351432E-01
   0.1235666     -0.3492513E-01
   0.1328175     -0.3629243E-01
   0.1420751     -0.3761549E-01
   0.1513391     -0.3889419E-01
   0.1606088     -0.4012832E-01
   0.1698840     -0.4131777E-01
   0.1791645     -0.4246240E-01
   0.1884501     -0.4356209E-01
   0.1977405     -0.4461671E-01
   0.2070356     -0.4562612E-01
   0.2163350     -0.4659021E-01
   0.2256386     -0.4750881E-01
   0.2349460     -0.4838182E-01
   0.2442559     -0.4920893E-01
   0.2535648     -0.4998881E-01
   0.2628750     -0.5072010E-01
   0.2721883     -0.5140282E-01
   0.2815039     -0.5203667E-01
   0.2908221     -0.5262142E-01
   0.3001423     -0.5315684E-01
   0.3094644     -0.5364267E-01
   0.3187881     -0.5407865E-01
   0.3281131     -0.5446454E-01
   0.3374392     -0.5480009E-01
   0.3467662     -0.5508503E-01
   0.3560936     -0.5531912E-01
   0.3654215     -0.5550207E-01
   0.3747503     -0.5563372E-01
   0.3840814     -0.5571437E-01
   0.3934150     -0.5574466E-01
   0.4027506     -0.5572516E-01
   0.4120881     -0.5565648E-01
   0.4214272     -0.5553919E-01
   0.4307677     -0.5537387E-01
   0.4401093     -0.5516113E-01
   0.4494518     -0.5490153E-01
   0.4587949     -0.5459566E-01
   0.4681385     -0.5424410E-01
   0.4774823     -0.5384744E-01
   0.4868261     -0.5340625E-01
   0.4961696     -0.5292111E-01
   0.5055122     -0.5239243E-01
   0.5148555     -0.5182067E-01
   0.5241998     -0.5120693E-01
   0.5335452     -0.5055228E-01
   0.5428916     -0.4985781E-01
   0.5522389     -0.4912463E-01
   0.5615871     -0.4835382E-01
   0.5709360     -0.4754649E-01
   0.5802857     -0.4670373E-01
   0.5896361     -0.4582664E-01
   0.5989872     -0.4491633E-01
   0.6083391     -0.4397389E-01
   0.6176917     -0.4300039E-01
   0.6270459     -0.4199696E-01
   0.6364025     -0.4096504E-01
   0.6457610     -0.3990622E-01
   0.6551214     -0.3882183E-01
   0.6644838     -0.3771327E-01
   0.6738484     -0.3658190E-01
   0.6832152     -0.3542912E-01
   0.6925844     -0.3425630E-01
   0.7019561     -0.3306483E-01
   0.7113305     -0.3185610E-01
   0.7207077     -0.3063151E-01
   0.7300881     -0.2939242E-01
   0.7394717     -0.2814027E-01
   0.7488602     -0.2687616E-01
   0.7582586     -0.2560217E-01
   0.7676670     -0.2432247E-01
   0.7770758     -0.2304273E-01
   0.7864741     -0.2176869E-01
   0.7958601     -0.2050486E-01
   0.8052337     -0.1925543E-01
   0.8145955     -0.1802453E-01
   0.8239460     -0.1681620E-01
   0.8332856     -0.1563449E-01
   0.8426148     -0.1448337E-01
   0.8519342     -0.1336682E-01
   0.8612442     -0.1228874E-01
   0.8705451     -0.1125306E-01
   0.8798389     -0.1026351E-01
   0.8891301     -0.9322452E-02
   0.8984214     -0.8431024E-02
   0.9077122     -0.7590580E-02
   0.9170032     -0.6802447E-02
   0.9262933     -0.6067899E-02
   0.9355840     -0.5388648E-02
   0.9448805     -0.4761925E-02
   0.9541408     -0.4191811E-02
   0.9633082     -0.3689436E-02
   0.9722070     -0.3269310E-02
   0.9801545     -0.2956984E-02
   0.9868302     -0.2744819E-02
   0.9914482     -0.2627074E-02
   0.9945305     -0.2562282E-02
   0.9968153     -0.2521408E-02
   0.9986475     -0.2493028E-02
    1.000000     -0.2474592E-02
