    1.000000      0.9954696E-03
   0.9986822      0.1521349E-02
   0.9969728      0.2176972E-02
   0.9949938      0.2899251E-02
   0.9926413      0.3707377E-02
   0.9897571      0.4624898E-02
   0.9861315      0.5674821E-02
   0.9815589      0.6877381E-02
   0.9758895      0.8249578E-02
   0.9690336      0.9770321E-02
   0.9611375      0.1135910E-01
   0.9525213      0.1293350E-01
   0.9434416      0.1444597E-01
   0.9340569      0.1588852E-01
   0.9244702      0.1726636E-01
   0.9147281      0.1859252E-01
   0.9048584      0.1988588E-01
   0.8948993      0.2116024E-01
   0.8848771      0.2242404E-01
   0.8748114      0.2368587E-01
   0.8647288      0.2495092E-01
   0.8546376      0.2621827E-01
   0.8445515      0.2748330E-01
   0.8344759      0.2874280E-01
   0.8244124      0.2999387E-01
   0.8143642      0.3123376E-01
   0.8043363      0.3245728E-01
   0.7943238      0.3366020E-01
   0.7843214      0.3484067E-01
   0.7743282      0.3599673E-01
   0.7643433      0.3712633E-01
   0.7543661      0.3822740E-01
   0.7443954      0.3929812E-01
   0.7344310      0.4033700E-01
   0.7244746      0.4134183E-01
   0.7145260      0.4231039E-01
   0.7045852      0.4324051E-01
   0.6946516      0.4413007E-01
   0.6847242      0.4497696E-01
   0.6747986      0.4577954E-01
   0.6648686      0.4653827E-01
   0.6549329      0.4725396E-01
   0.6449907      0.4792730E-01
   0.6350416      0.4855903E-01
   0.6250836      0.4914971E-01
   0.6151118      0.4970157E-01
   0.6051266      0.5021735E-01
   0.5951303      0.5069883E-01
   0.5851232      0.5114763E-01
   0.5751060      0.5156545E-01
   0.5650797      0.5195392E-01
   0.5550466      0.5231472E-01
   0.5450124      0.5264820E-01
   0.5349799      0.5295364E-01
   0.5249501      0.5323023E-01
   0.5149234      0.5347721E-01
   0.5049001      0.5369383E-01
   0.4948808      0.5387931E-01
   0.4848663      0.5403244E-01
   0.4748544      0.5415241E-01
   0.4648449      0.5423883E-01
   0.4548375      0.5429123E-01
   0.4448319      0.5430920E-01
   0.4348274      0.5429223E-01
   0.4248218      0.5424027E-01
   0.4148132      0.5415394E-01
   0.4048017      0.5403396E-01
   0.3947871      0.5388097E-01
   0.3847696      0.5369566E-01
   0.3747491      0.5347865E-01
   0.3647255      0.5323076E-01
   0.3547003      0.5295280E-01
   0.3446754      0.5264500E-01
   0.3346512      0.5230733E-01
   0.3246281      0.5193979E-01
   0.3146062      0.5154238E-01
   0.3045861      0.5111514E-01
   0.2945688      0.5065805E-01
   0.2845560      0.5017069E-01
   0.2745482      0.4965234E-01
   0.2645459      0.4910234E-01
   0.2545491      0.4851998E-01
   0.2445580      0.4790455E-01
   0.2345728      0.4725552E-01
   0.2245953      0.4657221E-01
   0.2146263      0.4585352E-01
   0.2046664      0.4509826E-01
   0.1947160      0.4430533E-01
   0.1847757      0.4347349E-01
   0.1748463      0.4260209E-01
   0.1649351      0.4169024E-01
   0.1550487      0.4073486E-01
   0.1451894      0.3973183E-01
   0.1353593      0.3867727E-01
   0.1255612      0.3756737E-01
   0.1158016      0.3639913E-01
   0.1060984      0.3516845E-01
   0.9646671E-01  0.3386704E-01
   0.8691866E-01  0.3248662E-01
   0.7748347E-01  0.3102189E-01
   0.6822232E-01  0.2946540E-01
   0.5918849E-01  0.2780417E-01
   0.5048616E-01  0.2604087E-01
   0.4228535E-01  0.2418913E-01
   0.3478792E-01  0.2227897E-01
   0.2818443E-01  0.2036692E-01
   0.2258687E-01  0.1849416E-01
   0.1799405E-01  0.1670640E-01
   0.1425036E-01  0.1504743E-01
   0.1114675E-01  0.1350827E-01
   0.8558223E-02  0.1201821E-01
   0.6445062E-02  0.1053984E-01
   0.4745947E-02  0.9089650E-02
   0.3380740E-02  0.7689183E-02
   0.2301173E-02  0.6368289E-02
   0.1463983E-02  0.5131079E-02
   0.8321438E-03  0.3965749E-02
   0.3811789E-03  0.2858692E-02
   0.9766119E-04  0.1797421E-02
  -0.2221402E-04  0.7705964E-03
   0.2742345E-04 -0.2327549E-03
   0.2529999E-03 -0.1225163E-02
   0.6507590E-03 -0.2220497E-02
   0.1225191E-02 -0.3231700E-02
   0.1991801E-02 -0.4271928E-02
   0.2979411E-02 -0.5355492E-02
   0.4234028E-02 -0.6497262E-02
   0.5817570E-02 -0.7704616E-02
   0.7792087E-02 -0.8955429E-02
   0.1025798E-01 -0.1021976E-01
   0.1328821E-01 -0.1147488E-01
   0.1691749E-01 -0.1277991E-01
   0.2132438E-01 -0.1422964E-01
   0.2678242E-01 -0.1582134E-01
   0.3340666E-01 -0.1749565E-01
   0.4106529E-01 -0.1922375E-01
   0.4951119E-01 -0.2095135E-01
   0.5848377E-01 -0.2263447E-01
   0.6777287E-01 -0.2425407E-01
   0.7724724E-01 -0.2580103E-01
   0.8684904E-01 -0.2727915E-01
   0.9652913E-01 -0.2869359E-01
   0.1062588     -0.3004557E-01
   0.1160281     -0.3133823E-01
   0.1258286     -0.3257542E-01
   0.1356499     -0.3375904E-01
   0.1454873     -0.3488977E-01
   0.1553389     -0.3596882E-01
   0.1652035     -0.3699742E-01
   0.1750803     -0.3797692E-01
   0.1849667     -0.3890838E-01
   0.1948597     -0.3979202E-01
   0.2047585     -0.4062784E-01
   0.2146630     -0.4141617E-01
   0.2245727     -0.4215725E-01
   0.2344874     -0.4285134E-01
   0.2444067     -0.4349868E-01
   0.2543309     -0.4409951E-01
   0.2642606     -0.4465429E-01
   0.2741959     -0.4516366E-01
   0.2841367     -0.4562822E-01
   0.2940827     -0.4604860E-01
   0.3040333     -0.4642542E-01
   0.3139871     -0.4675918E-01
   0.3239427     -0.4704988E-01
   0.3338996     -0.4729749E-01
   0.3438575     -0.4750199E-01
   0.3538161     -0.4766340E-01
   0.3637749     -0.4778174E-01
   0.3737326     -0.4785697E-01
   0.3836870     -0.4788860E-01
   0.3936370     -0.4787570E-01
   0.4035824     -0.4781743E-01
   0.4135226     -0.4771293E-01
   0.4234574     -0.4756139E-01
   0.4333857     -0.4736199E-01
   0.4433058     -0.4711327E-01
   0.4532208     -0.4681367E-01
   0.4631335     -0.4646315E-01
   0.4730437     -0.4606171E-01
   0.4829519     -0.4560935E-01
   0.4928580     -0.4510609E-01
   0.5027625     -0.4455192E-01
   0.5126664     -0.4394714E-01
   0.5225702     -0.4329232E-01
   0.5324737     -0.4258808E-01
   0.5423767     -0.4183504E-01
   0.5522789     -0.4103381E-01
   0.5621792     -0.4018510E-01
   0.5720758     -0.3928927E-01
   0.5819676     -0.3834625E-01
   0.5918546     -0.3735597E-01
   0.6017363     -0.3631838E-01
   0.6116129     -0.3523338E-01
   0.6214840     -0.3410097E-01
   0.6313512     -0.3292037E-01
   0.6412214     -0.3169146E-01
   0.6510996     -0.3041631E-01
   0.6609871     -0.2909769E-01
   0.6708854     -0.2773822E-01
   0.6807960     -0.2634061E-01
   0.6907249     -0.2490712E-01
   0.7006792     -0.2344265E-01
   0.7106589     -0.2195319E-01
   0.7206639     -0.2044450E-01
   0.7306920     -0.1892284E-01
   0.7407329     -0.1739574E-01
   0.7507702     -0.1587174E-01
   0.7607977     -0.1435620E-01
   0.7708155     -0.1285158E-01
   0.7808228     -0.1136035E-01
   0.7908195     -0.9884919E-02
   0.8008046     -0.8427787E-02
   0.8107744     -0.6991801E-02
   0.8207188     -0.5582420E-02
   0.8306310     -0.4207857E-02
   0.8405106     -0.2874849E-02
   0.8503468     -0.1590962E-02
   0.8601202     -0.3697087E-03
   0.8698222      0.7723802E-03
   0.8794547      0.1821228E-02
   0.8890144      0.2763465E-02
   0.8984958      0.3583702E-02
   0.9079020      0.4268072E-02
   0.9172277      0.4805349E-02
   0.9264519      0.5180837E-02
   0.9355559      0.5379985E-02
   0.9444965      0.5392680E-02
   0.9531699      0.5209265E-02
   0.9614244      0.4828708E-02
   0.9690294      0.4277461E-02
   0.9756902      0.3615668E-02
   0.9812647      0.2919289E-02
   0.9858230      0.2234390E-02
   0.9894832      0.1579333E-02
   0.9924229      0.9675292E-03
   0.9948354      0.4035513E-03
   0.9968728     -0.1168516E-03
   0.9986371     -0.6005909E-03
    1.000000     -0.9954696E-03
