    1.000000      0.1547031E-02
   0.9986972      0.2110500E-02
   0.9970096      0.2814270E-02
   0.9950598      0.3591266E-02
   0.9927493      0.4462837E-02
   0.9899294      0.5455919E-02
   0.9864034      0.6597960E-02
   0.9819756      0.7912828E-02
   0.9764971      0.9418829E-02
   0.9698595      0.1110358E-01
   0.9621712      0.1288969E-01
   0.9537333      0.1468255E-01
   0.9448065      0.1642042E-01
   0.9355583      0.1808339E-01
   0.9260981      0.1967007E-01
   0.9164787      0.2118876E-01
   0.9067276      0.2265516E-01
   0.8968786      0.2408243E-01
   0.8869576      0.2547880E-01
   0.8769771      0.2685306E-01
   0.8669567      0.2821292E-01
   0.8569263      0.2955773E-01
   0.8468955      0.3088444E-01
   0.8368681      0.3219120E-01
   0.8268462      0.3347620E-01
   0.8168322      0.3473802E-01
   0.8068342      0.3597260E-01
   0.7968520      0.3717503E-01
   0.7868796      0.3834292E-01
   0.7769159      0.3947434E-01
   0.7669600      0.4056713E-01
   0.7570107      0.4161918E-01
   0.7470657      0.4262858E-01
   0.7371204      0.4359489E-01
   0.7271745      0.4451783E-01
   0.7172279      0.4539681E-01
   0.7072804      0.4623126E-01
   0.6973317      0.4702067E-01
   0.6873810      0.4776447E-01
   0.6774251      0.4846277E-01
   0.6674613      0.4911661E-01
   0.6574890      0.4972719E-01
   0.6475081      0.5029563E-01
   0.6375185      0.5082308E-01
   0.6275200      0.5131060E-01
   0.6175108      0.5175970E-01
   0.6074907      0.5217231E-01
   0.5974608      0.5255003E-01
   0.5874213      0.5289435E-01
   0.5773726      0.5320678E-01
   0.5673151      0.5348883E-01
   0.5572500      0.5374201E-01
   0.5471797      0.5396732E-01
   0.5371053      0.5416529E-01
   0.5270270      0.5433649E-01
   0.5169453      0.5448148E-01
   0.5068602      0.5460082E-01
   0.4967718      0.5469508E-01
   0.4866807      0.5476502E-01
   0.4765896      0.5481091E-01
   0.4664996      0.5483238E-01
   0.4564112      0.5482910E-01
   0.4463244      0.5480077E-01
   0.4362394      0.5474705E-01
   0.4261563      0.5466764E-01
   0.4160752      0.5456221E-01
   0.4059961      0.5443045E-01
   0.3959191      0.5427204E-01
   0.3858445      0.5408667E-01
   0.3757726      0.5387405E-01
   0.3657045      0.5363375E-01
   0.3556406      0.5336491E-01
   0.3455798      0.5306693E-01
   0.3355218      0.5273954E-01
   0.3254666      0.5238239E-01
   0.3154143      0.5199520E-01
   0.3053650      0.5157763E-01
   0.2953187      0.5112938E-01
   0.2852756      0.5065014E-01
   0.2752359      0.5013959E-01
   0.2652000      0.4959745E-01
   0.2551685      0.4902340E-01
   0.2451432      0.4841738E-01
   0.2351296      0.4777847E-01
   0.2251301      0.4710435E-01
   0.2151447      0.4639275E-01
   0.2051737      0.4564163E-01
   0.1952176      0.4484896E-01
   0.1852769      0.4401269E-01
   0.1753524      0.4313103E-01
   0.1654483      0.4220212E-01
   0.1555683      0.4122291E-01
   0.1457143      0.4018987E-01
   0.1358878      0.3909961E-01
   0.1260917      0.3794887E-01
   0.1163315      0.3673511E-01
   0.1066241      0.3545521E-01
   0.9698514E-01  0.3410213E-01
   0.8742718E-01  0.3266824E-01
   0.7797712E-01  0.3114884E-01
   0.6869314E-01  0.2953832E-01
   0.5963025E-01  0.2782590E-01
   0.5088989E-01  0.2601605E-01
   0.4264702E-01  0.2412691E-01
   0.3510228E-01  0.2219086E-01
   0.2846060E-01  0.2027156E-01
   0.2284858E-01  0.1841322E-01
   0.1823254E-01  0.1664281E-01
   0.1445395E-01  0.1500582E-01
   0.1132217E-01  0.1350674E-01
   0.8717284E-02  0.1207564E-01
   0.6592224E-02  0.1065587E-01
   0.4880863E-02  0.9250267E-02
   0.3502010E-02  0.7874440E-02
   0.2404726E-02  0.6559574E-02
   0.1548745E-02  0.5318658E-02
   0.8980284E-03  0.4144788E-02
   0.4280600E-03  0.3026952E-02
   0.1249363E-03  0.1954178E-02
  -0.1593933E-04  0.9161546E-03
   0.1015504E-04 -0.9720873E-04
   0.2111599E-03 -0.1097499E-02
   0.5835618E-03 -0.2098576E-02
   0.1130300E-02 -0.3113502E-02
   0.1864865E-02 -0.4155366E-02
   0.2813093E-02 -0.5238307E-02
   0.4016434E-02 -0.6377276E-02
   0.5531562E-02 -0.7582096E-02
   0.7412109E-02 -0.8836015E-02
   0.9740368E-02 -0.1010821E-01
   0.1258558E-01 -0.1136853E-01
   0.1597142E-01 -0.1264112E-01
   0.2003128E-01 -0.1401529E-01
   0.2502510E-01 -0.1550818E-01
   0.3112833E-01 -0.1707080E-01
   0.3828476E-01 -0.1866027E-01
   0.4632667E-01 -0.2024180E-01
   0.5501454E-01 -0.2176731E-01
   0.6412311E-01 -0.2321571E-01
   0.7348669E-01 -0.2457799E-01
   0.8301891E-01 -0.2585465E-01
   0.9266661E-01 -0.2705541E-01
   0.1023842     -0.2818359E-01
   0.1121550     -0.2924295E-01
   0.1219701     -0.3023902E-01
   0.1318183     -0.3117639E-01
   0.1416909     -0.3205734E-01
   0.1515853     -0.3288431E-01
   0.1614998     -0.3365994E-01
   0.1714331     -0.3438692E-01
   0.1813828     -0.3506798E-01
   0.1913437     -0.3570484E-01
   0.2013123     -0.3629793E-01
   0.2112884     -0.3684796E-01
   0.2212712     -0.3735571E-01
   0.2312605     -0.3782195E-01
   0.2412561     -0.3824748E-01
   0.2512577     -0.3863314E-01
   0.2612644     -0.3897977E-01
   0.2712749     -0.3928777E-01
   0.2812888     -0.3955752E-01
   0.2913060     -0.3978940E-01
   0.3013261     -0.3998381E-01
   0.3113491     -0.4014114E-01
   0.3213749     -0.4026180E-01
   0.3314032     -0.4034619E-01
   0.3414339     -0.4039472E-01
   0.3514668     -0.4040780E-01
   0.3615014     -0.4038583E-01
   0.3715362     -0.4032930E-01
   0.3815684     -0.4023788E-01
   0.3915979     -0.4011085E-01
   0.4016250     -0.3994785E-01
   0.4116497     -0.3974858E-01
   0.4216718     -0.3951272E-01
   0.4316913     -0.3923996E-01
   0.4417079     -0.3892998E-01
   0.4517216     -0.3858248E-01
   0.4617322     -0.3819715E-01
   0.4717396     -0.3777370E-01
   0.4817436     -0.3731181E-01
   0.4917440     -0.3681120E-01
   0.5017407     -0.3627155E-01
   0.5117339     -0.3569248E-01
   0.5217240     -0.3507383E-01
   0.5317111     -0.3441555E-01
   0.5416950     -0.3371755E-01
   0.5516756     -0.3297977E-01
   0.5616527     -0.3220214E-01
   0.5716260     -0.3138459E-01
   0.5815956     -0.3052703E-01
   0.5915611     -0.2962937E-01
   0.6015225     -0.2869153E-01
   0.6114801     -0.2771337E-01
   0.6214344     -0.2669473E-01
   0.6313884     -0.2563524E-01
   0.6413471     -0.2453577E-01
   0.6513124     -0.2339823E-01
   0.6612853     -0.2222471E-01
   0.6712666     -0.2101728E-01
   0.6812572     -0.1977803E-01
   0.6912609     -0.1850879E-01
   0.7012830     -0.1721275E-01
   0.7113255     -0.1589423E-01
   0.7213892     -0.1455777E-01
   0.7314734     -0.1320817E-01
   0.7415753     -0.1185058E-01
   0.7516818     -0.1049154E-01
   0.7617764     -0.9137352E-02
   0.7718522     -0.7793345E-02
   0.7819069     -0.6464474E-02
   0.7919398     -0.5155422E-02
   0.8019504     -0.3870767E-02
   0.8119353     -0.2615395E-02
   0.8218874     -0.1396224E-02
   0.8318040     -0.2214823E-03
   0.8416849      0.9020749E-03
   0.8515197      0.1966477E-02
   0.8612936      0.2959172E-02
   0.8710013      0.3866000E-02
   0.8806433      0.4674905E-02
   0.8902098      0.5373502E-02
   0.8996914      0.5945691E-02
   0.9090907      0.6377256E-02
   0.9184011      0.6656861E-02
   0.9276036      0.6771084E-02
   0.9366719      0.6707830E-02
   0.9455488      0.6456206E-02
   0.9541387      0.6009128E-02
   0.9622872      0.5377272E-02
   0.9697462      0.4601771E-02
   0.9762406      0.3752346E-02
   0.9816616      0.2907499E-02
   0.9860898      0.2106158E-02
   0.9896530      0.1356044E-02
   0.9925284      0.6625583E-03
   0.9948991      0.2608294E-04
   0.9969078     -0.5598600E-03
   0.9986514     -0.1103660E-02
    1.000000     -0.1547031E-02
