    1.000000      0.1353539E-02
   0.9987019      0.1943804E-02
   0.9970259      0.2677217E-02
   0.9950993      0.3481082E-02
   0.9928329      0.4374092E-02
   0.9900954      0.5378802E-02
   0.9867145      0.6517409E-02
   0.9825113      0.7811291E-02
   0.9773372      0.9279841E-02
   0.9710658      0.1091847E-01
   0.9637311      0.1266319E-01
   0.9555640      0.1442558E-01
   0.9468176      0.1613844E-01
   0.9376706      0.1777528E-01
   0.9282508      0.1933350E-01
   0.9186285      0.2082086E-01
   0.9088376      0.2225507E-01
   0.8989182      0.2365370E-01
   0.8889079      0.2502708E-01
   0.8788256      0.2638482E-01
   0.8686952      0.2773593E-01
   0.8585528      0.2908026E-01
   0.8484133      0.3041332E-01
   0.8382816      0.3173237E-01
   0.8281602      0.3303468E-01
   0.8180512      0.3431810E-01
   0.8079630      0.3557800E-01
   0.7978953      0.3680861E-01
   0.7878413      0.3800687E-01
   0.7777991      0.3917057E-01
   0.7677675      0.4029718E-01
   0.7577450      0.4138421E-01
   0.7477289      0.4242943E-01
   0.7377138      0.4343217E-01
   0.7276990      0.4439213E-01
   0.7176845      0.4530856E-01
   0.7076699      0.4618076E-01
   0.6976549      0.4700807E-01
   0.6876386      0.4778979E-01
   0.6776173      0.4852590E-01
   0.6675884      0.4921741E-01
   0.6575511      0.4986546E-01
   0.6475053      0.5047109E-01
   0.6374508      0.5103537E-01
   0.6273872      0.5155926E-01
   0.6173119      0.5204432E-01
   0.6072248      0.5249269E-01
   0.5971270      0.5290608E-01
   0.5870189      0.5328596E-01
   0.5769010      0.5363391E-01
   0.5667738      0.5395147E-01
   0.5566383      0.5424023E-01
   0.5464973      0.5450127E-01
   0.5363528      0.5473501E-01
   0.5262054      0.5494176E-01
   0.5160554      0.5512190E-01
   0.5059032      0.5527575E-01
   0.4957492      0.5540370E-01
   0.4855950      0.5550596E-01
   0.4754419      0.5558229E-01
   0.4652906      0.5563228E-01
   0.4551413      0.5565553E-01
   0.4449941      0.5565166E-01
   0.4348491      0.5562027E-01
   0.4247064      0.5556098E-01
   0.4145662      0.5547339E-01
   0.4044284      0.5535712E-01
   0.3942932      0.5521178E-01
   0.3841608      0.5503698E-01
   0.3740314      0.5483235E-01
   0.3639058      0.5459742E-01
   0.3537844      0.5433151E-01
   0.3436668      0.5403405E-01
   0.3335530      0.5370454E-01
   0.3234433      0.5334248E-01
   0.3133376      0.5294738E-01
   0.3032361      0.5251873E-01
   0.2931390      0.5205605E-01
   0.2830464      0.5155883E-01
   0.2729584      0.5102660E-01
   0.2628754      0.5045885E-01
   0.2527975      0.4985511E-01
   0.2427254      0.4921493E-01
   0.2326606      0.4853786E-01
   0.2226055      0.4782288E-01
   0.2125608      0.4706864E-01
   0.2025271      0.4627382E-01
   0.1925053      0.4543711E-01
   0.1824960      0.4455717E-01
   0.1725019      0.4363316E-01
   0.1625300      0.4266329E-01
   0.1525847      0.4164412E-01
   0.1426679      0.4057187E-01
   0.1327820      0.3944298E-01
   0.1229305      0.3825402E-01
   0.1131230      0.3700264E-01
   0.1033794      0.3568418E-01
   0.9371439E-01  0.3429056E-01
   0.8414504E-01  0.3281518E-01
   0.7471428E-01  0.3125477E-01
   0.6549043E-01  0.2960133E-01
   0.5654241E-01  0.2784888E-01
   0.4800931E-01  0.2600948E-01
   0.4008090E-01  0.2410694E-01
   0.3295172E-01  0.2218323E-01
   0.2677387E-01  0.2029734E-01
   0.2159272E-01  0.1847700E-01
   0.1733189E-01  0.1675216E-01
   0.1382543E-01  0.1515161E-01
   0.1089732E-01  0.1366687E-01
   0.8444213E-02  0.1223372E-01
   0.6422984E-02  0.1081001E-01
   0.4777399E-02  0.9400061E-02
   0.3439373E-02  0.8018187E-02
   0.2366430E-02  0.6693447E-02
   0.1525186E-02  0.5440022E-02
   0.8836688E-03  0.4252443E-02
   0.4194273E-03  0.3120561E-02
   0.1195397E-03  0.2033887E-02
  -0.2025168E-04  0.9824048E-03
   0.4619364E-05 -0.4375130E-04
   0.2026098E-03 -0.1055779E-02
   0.5704299E-03 -0.2067099E-02
   0.1110114E-02 -0.3090231E-02
   0.1833631E-02 -0.4137359E-02
   0.2764171E-02 -0.5221109E-02
   0.3938508E-02 -0.6353968E-02
   0.5405875E-02 -0.7542487E-02
   0.7210954E-02 -0.8768264E-02
   0.9422997E-02 -0.1000207E-01
   0.1211126E-01 -0.1121978E-01
   0.1530690E-01 -0.1243926E-01
   0.1910989E-01 -0.1374724E-01
   0.2374369E-01 -0.1516878E-01
   0.2941671E-01 -0.1666961E-01
   0.3616370E-01 -0.1820874E-01
   0.4387642E-01 -0.1976239E-01
   0.5234773E-01 -0.2127994E-01
   0.6134332E-01 -0.2273172E-01
   0.7066734E-01 -0.2410393E-01
   0.8019847E-01 -0.2539174E-01
   0.8987474E-01 -0.2660333E-01
   0.9963841E-01 -0.2774357E-01
   0.1094621     -0.2881521E-01
   0.1193344     -0.2982313E-01
   0.1292436     -0.3077211E-01
   0.1391794     -0.3166478E-01
   0.1491384     -0.3250345E-01
   0.1591187     -0.3329079E-01
   0.1691191     -0.3402952E-01
   0.1791378     -0.3472246E-01
   0.1891711     -0.3537194E-01
   0.1992150     -0.3597907E-01
   0.2092685     -0.3654486E-01
   0.2193311     -0.3707044E-01
   0.2294023     -0.3755695E-01
   0.2394817     -0.3800550E-01
   0.2495691     -0.3841738E-01
   0.2596620     -0.3879384E-01
   0.2697563     -0.3913489E-01
   0.2798511     -0.3944017E-01
   0.2899460     -0.3970946E-01
   0.3000405     -0.3994252E-01
   0.3101346     -0.4013911E-01
   0.3202280     -0.4029903E-01
   0.3303207     -0.4042202E-01
   0.3404126     -0.4050789E-01
   0.3505035     -0.4055639E-01
   0.3605933     -0.4056732E-01
   0.3706821     -0.4054045E-01
   0.3807701     -0.4047565E-01
   0.3908574     -0.4037285E-01
   0.4009436     -0.4023199E-01
   0.4110288     -0.4005296E-01
   0.4211126     -0.3983569E-01
   0.4311951     -0.3958009E-01
   0.4412761     -0.3928608E-01
   0.4513553     -0.3895358E-01
   0.4614327     -0.3858251E-01
   0.4715081     -0.3817280E-01
   0.4815809     -0.3772439E-01
   0.4916508     -0.3723723E-01
   0.5017153     -0.3671125E-01
   0.5117734     -0.3614513E-01
   0.5218279     -0.3553832E-01
   0.5318790     -0.3489078E-01
   0.5419270     -0.3420243E-01
   0.5519715     -0.3347322E-01
   0.5620127     -0.3270310E-01
   0.5720501     -0.3189199E-01
   0.5820837     -0.3103985E-01
   0.5921133     -0.3014659E-01
   0.6021390     -0.2921211E-01
   0.6121610     -0.2823629E-01
   0.6221804     -0.2721889E-01
   0.6322012     -0.2615985E-01
   0.6422267     -0.2506058E-01
   0.6522575     -0.2392282E-01
   0.6622940     -0.2274824E-01
   0.6723369     -0.2153856E-01
   0.6823870     -0.2029545E-01
   0.6924470     -0.1902043E-01
   0.7025214     -0.1771586E-01
   0.7126129     -0.1638525E-01
   0.7227224     -0.1503236E-01
   0.7328504     -0.1366108E-01
   0.7429966     -0.1227542E-01
   0.7531586     -0.1087974E-01
   0.7633300     -0.9479221E-02
   0.7734925     -0.8081953E-02
   0.7836325     -0.6695509E-02
   0.7937464     -0.5326018E-02
   0.8038321     -0.3979244E-02
   0.8138862     -0.2661152E-02
   0.8239017     -0.1379582E-02
   0.8338757     -0.1434357E-03
   0.8438065      0.1039400E-02
   0.8536833      0.2159318E-02
   0.8634946      0.3203007E-02
   0.8732376      0.4156895E-02
   0.8829100      0.5009411E-02
   0.8924962      0.5746670E-02
   0.9019867      0.6351188E-02
   0.9113814      0.6808269E-02
   0.9206658      0.7104724E-02
   0.9298188      0.7225394E-02
   0.9388038      0.7158371E-02
   0.9475465      0.6892474E-02
   0.9559369      0.6422603E-02
   0.9638081      0.5767166E-02
   0.9709199      0.4974679E-02
   0.9770593      0.4117403E-02
   0.9821831      0.3267351E-02
   0.9863908      0.2455696E-02
   0.9898109      0.1689032E-02
   0.9926048      0.9727625E-03
   0.9949324      0.3089049E-03
   0.9969198     -0.3071525E-03
   0.9986539     -0.8824243E-03
    1.000000     -0.1353539E-02
