    1.000000      0.1612491E-04
   0.9984445      0.3712476E-03
   0.9965024      0.7978934E-03
   0.9943702      0.1245069E-02
   0.9920068      0.1714862E-02
   0.9893607      0.2208841E-02
   0.9863693      0.2729986E-02
   0.9829582      0.3287636E-02
   0.9790369      0.3898384E-02
   0.9744928      0.4582403E-02
   0.9691941      0.5351027E-02
   0.9630069      0.6212723E-02
   0.9558337      0.7173116E-02
   0.9476616      0.8225267E-02
   0.9385821      0.9350146E-02
   0.9287803      0.1052355E-01
   0.9184716      0.1171677E-01
   0.9078340      0.1290709E-01
   0.8969913      0.1408088E-01
   0.8860206      0.1523141E-01
   0.8749673      0.1635640E-01
   0.8638584      0.1745632E-01
   0.8527132      0.1853163E-01
   0.8415422      0.1958267E-01
   0.8303517      0.2061027E-01
   0.8191458      0.2161553E-01
   0.8079290      0.2259948E-01
   0.7967058      0.2356207E-01
   0.7854775      0.2450307E-01
   0.7742449      0.2542267E-01
   0.7630087      0.2632104E-01
   0.7517695      0.2719837E-01
   0.7405281      0.2805476E-01
   0.7292853      0.2888999E-01
   0.7180412      0.2970395E-01
   0.7067957      0.3049660E-01
   0.6955486      0.3126788E-01
   0.6842995      0.3201773E-01
   0.6730473      0.3274617E-01
   0.6617903      0.3345363E-01
   0.6505274      0.3414081E-01
   0.6392582      0.3480835E-01
   0.6279820      0.3545691E-01
   0.6166978      0.3608719E-01
   0.6054044      0.3670028E-01
   0.5941014      0.3729737E-01
   0.5827888      0.3787955E-01
   0.5714668      0.3844794E-01
   0.5601356      0.3900361E-01
   0.5487961      0.3954771E-01
   0.5374498      0.4008106E-01
   0.5260979      0.4060415E-01
   0.5147412      0.4111745E-01
   0.5033801      0.4162145E-01
   0.4920156      0.4211664E-01
   0.4806490      0.4260317E-01
   0.4692806      0.4308109E-01
   0.4579106      0.4355051E-01
   0.4465393      0.4401153E-01
   0.4351669      0.4446428E-01
   0.4237934      0.4490897E-01
   0.4124202      0.4534579E-01
   0.4010488      0.4577443E-01
   0.3896802      0.4619453E-01
   0.3783157      0.4660571E-01
   0.3669570      0.4700759E-01
   0.3556081      0.4739971E-01
   0.3442746      0.4778022E-01
   0.3329600      0.4814643E-01
   0.3216666      0.4849578E-01
   0.3103975      0.4882571E-01
   0.2991574      0.4913368E-01
   0.2879539      0.4941564E-01
   0.2767917      0.4966611E-01
   0.2656735      0.4987972E-01
   0.2546011      0.5005127E-01
   0.2435770      0.5017569E-01
   0.2326048      0.5024837E-01
   0.2216934      0.5026371E-01
   0.2108489      0.5021410E-01
   0.2000752      0.5009214E-01
   0.1893763      0.4989083E-01
   0.1787574      0.4960370E-01
   0.1682283      0.4922424E-01
   0.1577999      0.4874409E-01
   0.1474816      0.4815527E-01
   0.1372876      0.4745062E-01
   0.1272343      0.4662144E-01
   0.1173387      0.4566090E-01
   0.1076288      0.4456538E-01
   0.9814411E-01  0.4333104E-01
   0.8892826E-01  0.4195666E-01
   0.8003997E-01  0.4044967E-01
   0.7155564E-01  0.3882271E-01
   0.6355335E-01  0.3709577E-01
   0.5611215E-01  0.3529770E-01
   0.4929320E-01  0.3346035E-01
   0.4312771E-01  0.3161585E-01
   0.3761421E-01  0.2979119E-01
   0.3272135E-01  0.2800704E-01
   0.2839644E-01  0.2627584E-01
   0.2457589E-01  0.2460311E-01
   0.2120222E-01  0.2298473E-01
   0.1822257E-01  0.2141783E-01
   0.1558669E-01  0.1990091E-01
   0.1324685E-01  0.1843004E-01
   0.1115824E-01  0.1699905E-01
   0.9283394E-02  0.1560099E-01
   0.7604311E-02  0.1422119E-01
   0.6116857E-02  0.1284660E-01
   0.4815714E-02  0.1147287E-01
   0.3692142E-02  0.1010063E-01
   0.2734377E-02  0.8733185E-02
   0.1933643E-02  0.7383023E-02
   0.1282177E-02  0.6063129E-02
   0.7702183E-03  0.4776748E-02
   0.3895650E-03  0.3521821E-02
   0.1351753E-03  0.2293600E-02
   0.5946952E-05  0.1085741E-02
   0.5540718E-05 -0.1094777E-03
   0.1387826E-03 -0.1301842E-02
   0.4022589E-03 -0.2502664E-02
   0.7954038E-03 -0.3722199E-02
   0.1322349E-02 -0.4969758E-02
   0.1991279E-02 -0.6253625E-02
   0.2813376E-02 -0.7579849E-02
   0.3799723E-02 -0.8948713E-02
   0.4956072E-02 -0.1034974E-01
   0.6293738E-02 -0.1177509E-01
   0.7825367E-02 -0.1322242E-01
   0.9558801E-02 -0.1469418E-01
   0.1150010E-01 -0.1620402E-01
   0.1366707E-01 -0.1777928E-01
   0.1610512E-01 -0.1944073E-01
   0.1887384E-01 -0.2120768E-01
   0.2203633E-01 -0.2309663E-01
   0.2565209E-01 -0.2511738E-01
   0.2978086E-01 -0.2727994E-01
   0.3449180E-01 -0.2959784E-01
   0.3985288E-01 -0.3207410E-01
   0.4589875E-01 -0.3469334E-01
   0.5262589E-01 -0.3742240E-01
   0.5999647E-01 -0.4021947E-01
   0.6793793E-01 -0.4303583E-01
   0.7637079E-01 -0.4582938E-01
   0.8521400E-01 -0.4857102E-01
   0.9439446E-01 -0.5123898E-01
   0.1038576     -0.5382270E-01
   0.1135605     -0.5632047E-01
   0.1234622     -0.5873417E-01
   0.1335260     -0.6106410E-01
   0.1437234     -0.6331356E-01
   0.1540212     -0.6548413E-01
   0.1643906     -0.6757343E-01
   0.1748106     -0.6958055E-01
   0.1852585     -0.7150268E-01
   0.1957183     -0.7333473E-01
   0.2061809     -0.7507333E-01
   0.2166372     -0.7671474E-01
   0.2270819     -0.7825428E-01
   0.2375145     -0.7968789E-01
   0.2479386     -0.8101331E-01
   0.2583548     -0.8222919E-01
   0.2687638     -0.8333295E-01
   0.2791703     -0.8432220E-01
   0.2895828     -0.8519694E-01
   0.3000048     -0.8595891E-01
   0.3104358     -0.8660903E-01
   0.3208738     -0.8714684E-01
   0.3313216     -0.8757066E-01
   0.3417897     -0.8788096E-01
   0.3522829     -0.8808556E-01
   0.3627824     -0.8818323E-01
   0.3733014     -0.8817193E-01
   0.3838406     -0.8805829E-01
   0.3943885     -0.8784261E-01
   0.4049503     -0.8752262E-01
   0.4155355     -0.8710091E-01
   0.4261459     -0.8658264E-01
   0.4367751     -0.8597135E-01
   0.4474229     -0.8526662E-01
   0.4580956     -0.8447134E-01
   0.4687941     -0.8358915E-01
   0.4795196     -0.8262357E-01
   0.4902722     -0.8157816E-01
   0.5010522     -0.8045650E-01
   0.5118599     -0.7926217E-01
   0.5226957     -0.7799895E-01
   0.5335598     -0.7667071E-01
   0.5444520     -0.7528146E-01
   0.5553716     -0.7383539E-01
   0.5663165     -0.7233692E-01
   0.5772832     -0.7078970E-01
   0.5882700     -0.6919670E-01
   0.5992759     -0.6756085E-01
   0.6102999     -0.6588513E-01
   0.6213408     -0.6417263E-01
   0.6323955     -0.6242658E-01
   0.6434607     -0.6064924E-01
   0.6545344     -0.5884224E-01
   0.6656154     -0.5700717E-01
   0.6767022     -0.5514564E-01
   0.6877929     -0.5325939E-01
   0.6988841     -0.5134964E-01
   0.7099738     -0.4941678E-01
   0.7210610     -0.4746099E-01
   0.7321452     -0.4548239E-01
   0.7432264     -0.4348104E-01
   0.7543042     -0.4145656E-01
   0.7653829     -0.3940775E-01
   0.7764666     -0.3733518E-01
   0.7875578     -0.3523983E-01
   0.7986589     -0.3312276E-01
   0.8097729     -0.3098485E-01
   0.8209049     -0.2882817E-01
   0.8320519     -0.2665949E-01
   0.8431953     -0.2448829E-01
   0.8543009     -0.2232855E-01
   0.8653422     -0.2019489E-01
   0.8763007     -0.1810016E-01
   0.8871522     -0.1605783E-01
   0.8978646     -0.1408543E-01
   0.9083975     -0.1220138E-01
   0.9186840     -0.1042630E-01
   0.9286256     -0.8785717E-02
   0.9380901     -0.7305115E-02
   0.9469196     -0.6005530E-02
   0.9549590     -0.4897321E-02
   0.9621082     -0.3976961E-02
   0.9683545     -0.3225695E-02
   0.9737512     -0.2617002E-02
   0.9784043     -0.2123275E-02
   0.9824389     -0.1718800E-02
   0.9859631     -0.1378232E-02
   0.9890583     -0.1082636E-02
   0.9917934     -0.8200651E-03
   0.9942297     -0.5839347E-03
   0.9964207     -0.3697458E-03
   0.9984103     -0.1737537E-03
    1.000000     -0.1612491E-04
