    1.000000      0.6710023E-03
   0.9985769      0.9634150E-03
   0.9967438      0.1328488E-02
   0.9946412      0.1731215E-02
   0.9921723      0.2182332E-02
   0.9891947      0.2695366E-02
   0.9855212      0.3286388E-02
   0.9809486      0.3977556E-02
   0.9752746      0.4800242E-02
   0.9683154      0.5770652E-02
   0.9601338      0.6862687E-02
   0.9510665      0.8025635E-02
   0.9414683      0.9211678E-02
   0.9315905      0.1039485E-01
   0.9215763      0.1156273E-01
   0.9114916      0.1271074E-01
   0.9013635      0.1383922E-01
   0.8912039      0.1495058E-01
   0.8810177      0.1604812E-01
   0.8708090      0.1713527E-01
   0.8605789      0.1821549E-01
   0.8503349      0.1929377E-01
   0.8400935      0.2037462E-01
   0.8298549      0.2146233E-01
   0.8196120      0.2255684E-01
   0.8093650      0.2365661E-01
   0.7991145      0.2475966E-01
   0.7888727      0.2586053E-01
   0.7786505      0.2695333E-01
   0.7684508      0.2803308E-01
   0.7582740      0.2909518E-01
   0.7481203      0.3013491E-01
   0.7379859      0.3114730E-01
   0.7278576      0.3213051E-01
   0.7177293      0.3308552E-01
   0.7075993      0.3401244E-01
   0.6974657      0.3491152E-01
   0.6873268      0.3578283E-01
   0.6771765      0.3662797E-01
   0.6670153      0.3744944E-01
   0.6568449      0.3824836E-01
   0.6466660      0.3902589E-01
   0.6364795      0.3978312E-01
   0.6262870      0.4052125E-01
   0.6160938      0.4124054E-01
   0.6059035      0.4193973E-01
   0.5957159      0.4261775E-01
   0.5855312      0.4327392E-01
   0.5753494      0.4390745E-01
   0.5651704      0.4451763E-01
   0.5549942      0.4510359E-01
   0.5448193      0.4566455E-01
   0.5346430      0.4620055E-01
   0.5244647      0.4671189E-01
   0.5142841      0.4719879E-01
   0.5041012      0.4766149E-01
   0.4939158      0.4810021E-01
   0.4837284      0.4851551E-01
   0.4735417      0.4890720E-01
   0.4633565      0.4927472E-01
   0.4531734      0.4961754E-01
   0.4429928      0.4993515E-01
   0.4328156      0.5022705E-01
   0.4226440      0.5049233E-01
   0.4124792      0.5072958E-01
   0.4023213      0.5093746E-01
   0.3921705      0.5111463E-01
   0.3820270      0.5125978E-01
   0.3718906      0.5137160E-01
   0.3617611      0.5144877E-01
   0.3516379      0.5149016E-01
   0.3415205      0.5149480E-01
   0.3314091      0.5146171E-01
   0.3213035      0.5138993E-01
   0.3112034      0.5127848E-01
   0.3011079      0.5112649E-01
   0.2910168      0.5093382E-01
   0.2809324      0.5069968E-01
   0.2708553      0.5042297E-01
   0.2607863      0.5010262E-01
   0.2507258      0.4973756E-01
   0.2406753      0.4932676E-01
   0.2306368      0.4886886E-01
   0.2206119      0.4836201E-01
   0.2106011      0.4780435E-01
   0.2006054      0.4719405E-01
   0.1906256      0.4652933E-01
   0.1806639      0.4580854E-01
   0.1707249      0.4502979E-01
   0.1608137      0.4418988E-01
   0.1509328      0.4328543E-01
   0.1410884      0.4231358E-01
   0.1312906      0.4126999E-01
   0.1215464      0.4014892E-01
   0.1118660      0.3894540E-01
   0.1022673      0.3765336E-01
   0.9276830E-01  0.3626418E-01
   0.8338846E-01  0.3477083E-01
   0.7417213E-01  0.3317035E-01
   0.6518810E-01  0.3145721E-01
   0.5650784E-01  0.2962977E-01
   0.4826263E-01  0.2770637E-01
   0.4061977E-01  0.2571794E-01
   0.3375001E-01  0.2371305E-01
   0.2776258E-01  0.2174714E-01
   0.2267354E-01  0.1985147E-01
   0.1844018E-01  0.1805367E-01
   0.1493865E-01  0.1637740E-01
   0.1200442E-01  0.1481439E-01
   0.9509251E-02  0.1333017E-01
   0.7398959E-02  0.1187151E-01
   0.5641996E-02  0.1042962E-01
   0.4192409E-02  0.9015363E-02
   0.3002079E-02  0.7644376E-02
   0.2045994E-02  0.6340808E-02
   0.1296076E-02  0.5107431E-02
   0.7272471E-03  0.3935617E-02
   0.3224390E-03  0.2814551E-02
   0.7259070E-04  0.1733605E-02
  -0.2365679E-04  0.6825596E-03
   0.4052450E-04 -0.3489834E-03
   0.2697823E-03 -0.1373261E-02
   0.6603868E-03 -0.2403351E-02
   0.1216267E-02 -0.3451407E-02
   0.1950403E-02 -0.4529646E-02
   0.2886030E-02 -0.5650874E-02
   0.4058090E-02 -0.6827349E-02
   0.5508839E-02 -0.8063260E-02
   0.7275314E-02 -0.9340043E-02
   0.9422284E-02 -0.1064068E-01
   0.1200576E-01 -0.1195700E-01
   0.1505802E-01 -0.1332593E-01
   0.1868120E-01 -0.1483959E-01
   0.2308652E-01 -0.1654002E-01
   0.2848171E-01 -0.1842384E-01
   0.3493147E-01 -0.2047126E-01
   0.4236090E-01 -0.2265902E-01
   0.5057649E-01 -0.2491420E-01
   0.5933660E-01 -0.2717056E-01
   0.6843703E-01 -0.2938366E-01
   0.7774457E-01 -0.3152722E-01
   0.8719162E-01 -0.3359461E-01
   0.9672769E-01 -0.3558300E-01
   0.1063265     -0.3749107E-01
   0.1159760     -0.3932070E-01
   0.1256663     -0.4107438E-01
   0.1353886     -0.4275339E-01
   0.1451383     -0.4435895E-01
   0.1549121     -0.4589270E-01
   0.1647051     -0.4735552E-01
   0.1745144     -0.4874776E-01
   0.1843376     -0.5006989E-01
   0.1941721     -0.5132202E-01
   0.2040158     -0.5250392E-01
   0.2138679     -0.5361541E-01
   0.2237278     -0.5465638E-01
   0.2335950     -0.5562677E-01
   0.2434690     -0.5652650E-01
   0.2533503     -0.5735557E-01
   0.2632395     -0.5811432E-01
   0.2731365     -0.5880325E-01
   0.2830412     -0.5942284E-01
   0.2929528     -0.5997356E-01
   0.3028708     -0.6045593E-01
   0.3127934     -0.6087008E-01
   0.3227222     -0.6121595E-01
   0.3326587     -0.6149461E-01
   0.3426031     -0.6170710E-01
   0.3525556     -0.6185449E-01
   0.3625160     -0.6193780E-01
   0.3724855     -0.6195818E-01
   0.3824650     -0.6191739E-01
   0.3924535     -0.6181714E-01
   0.4024501     -0.6165886E-01
   0.4124544     -0.6144397E-01
   0.4224656     -0.6117386E-01
   0.4324830     -0.6084995E-01
   0.4425047     -0.6047356E-01
   0.4525290     -0.6004554E-01
   0.4625548     -0.5956648E-01
   0.4725815     -0.5903699E-01
   0.4826084     -0.5845769E-01
   0.4926344     -0.5782925E-01
   0.5026557     -0.5715213E-01
   0.5126716     -0.5642535E-01
   0.5226832     -0.5564871E-01
   0.5326908     -0.5482216E-01
   0.5426946     -0.5394565E-01
   0.5526955     -0.5301907E-01
   0.5626963     -0.5204218E-01
   0.5727020     -0.5101577E-01
   0.5827151     -0.4994191E-01
   0.5927364     -0.4882274E-01
   0.6027666     -0.4766043E-01
   0.6128060     -0.4645716E-01
   0.6228568     -0.4521507E-01
   0.6329202     -0.4393734E-01
   0.6429926     -0.4262743E-01
   0.6530715     -0.4128713E-01
   0.6631567     -0.3991816E-01
   0.6732476     -0.3852221E-01
   0.6833438     -0.3710098E-01
   0.6934437     -0.3565588E-01
   0.7035494     -0.3418747E-01
   0.7136630     -0.3269746E-01
   0.7237854     -0.3118773E-01
   0.7339180     -0.2966013E-01
   0.7440618     -0.2811636E-01
   0.7542234     -0.2655848E-01
   0.7644021     -0.2499198E-01
   0.7745853     -0.2342369E-01
   0.7847572     -0.2186065E-01
   0.7949106     -0.2030849E-01
   0.8050444     -0.1877197E-01
   0.8151615     -0.1725462E-01
   0.8252636     -0.1575890E-01
   0.8353486     -0.1428825E-01
   0.8454161     -0.1284651E-01
   0.8554651     -0.1143736E-01
   0.8654936     -0.1006472E-01
   0.8754951     -0.8732656E-02
   0.8854528     -0.7449307E-02
   0.8953527     -0.6226862E-02
   0.9051890     -0.5077172E-02
   0.9149496     -0.4011773E-02
   0.9246110     -0.3045794E-02
   0.9341444     -0.2195627E-02
   0.9434918     -0.1475752E-02
   0.9525254     -0.9017223E-03
   0.9610326     -0.4855481E-03
   0.9687341     -0.2249976E-03
   0.9753545     -0.1004270E-03
   0.9808454     -0.7385282E-04
   0.9853561     -0.1096544E-03
   0.9890337     -0.1831504E-03
   0.9920409     -0.2761931E-03
   0.9945454     -0.3771569E-03
   0.9966834     -0.4802462E-03
   0.9985498     -0.5829804E-03
    1.000000     -0.6710023E-03
